                     Environment and Climate Change Canada
                 Environnement et Changement climatique Canada
                                        
           Short Duration Rainfall Intensity-Duration-Frequency Data
          Données sur l'intensité, la durée et la fréquence des chutes
                            de pluie de courte durée
                                        
                 Gumbel - Method of moments/Méthode des moments
                                        
                                   2022/10/31
                                        
================================================================================
 
 VAUXHALL CDA CS                                        AB        3036682       
                     
 Latitude:  50 3'N     Longitude: 112 8'W    Elevation/Altitude: 779        m
 
 Years/Années :  1956 - 2021          # Years/Années :     48   
 
================================================================================
 
********************************************************************************
 
Table 1 : Annual Maximum (mm)/Maximum annuel (mm)
 
********************************************************************************
 
          Year  5 min 10 min 15 min 30 min    1 h    2 h    6 h   12 h   24 h
         Année
          1956    9.4   12.7   15.7   28.4   31.0   34.5   41.1   41.7   41.7
          1957    2.0    4.1    4.8    7.9   10.2   11.4   23.4   23.4   24.6
          1958    5.1    6.9    7.9   10.4   13.7   17.8   27.2   30.5   30.5
          1959    7.4    8.6    8.6    9.1    9.1    9.1   19.3   24.1   39.4
          1960    1.8    3.6    4.6    7.1    8.1    8.4   17.5   24.1   25.9
          1961   11.9   16.3   19.6   25.9   29.2   34.8   36.1   36.1   36.1
          1962    6.1    6.3    6.3    6.3    6.9   10.7   18.0   25.9   26.7
          1963    3.6    4.6    6.6    6.6    9.1   14.0   22.6   41.1   41.1
          1964    2.3    2.5    3.0    5.1    6.9    9.4   11.9   19.0   22.9
          1965    3.3    4.8    6.9   11.2   19.6   27.2   38.6   38.6   49.3
          1966    7.1   12.2   13.7   18.0   19.0   21.6   31.2   32.8   35.8
          1967    7.4   11.9   12.2   12.2   12.2   13.2   18.0   18.3   20.1
          1968    7.6   12.2   18.0   21.8   23.1   23.6   23.6   23.9   25.7
          1969    2.8    4.1    5.3    7.4    9.1    9.9   13.2   19.6   23.6
          1970    1.8    3.0    4.6    6.1    9.9   16.8   31.2   48.5   59.2
          1971    3.3    4.6    5.3    6.6    9.4   13.7   18.0   29.0   29.0
          1972    3.0    4.8    5.1    6.9    8.9   15.2   19.6   19.6   22.1
          1973    2.8    3.0    3.0    3.0    4.8    8.9   21.1   27.2   32.0
          1974    6.1    9.7   12.2   17.8   29.5   31.5   38.1   50.8   59.9
          1975    9.7   11.4   12.7   13.5   14.2   16.0   22.4   35.8   43.4
          1976    4.1    5.3    5.6    7.4    9.4   13.2   21.1   24.9   24.9
          1977    4.8    6.9    9.9   10.7   11.7   13.7   35.6   43.7   54.1
          1978    5.9    8.0    8.7   13.7   21.6   22.8   46.2   57.9   62.6
          1979    1.6    2.2    3.0    4.4    6.6   10.8   10.8   11.0   12.4
          1980    5.4    7.3    8.5   14.8   21.5   38.0   41.1   41.8   49.6
          1981    5.3    8.0   11.5   12.5   12.5   12.5   12.5   19.7   32.7
          1982    6.6   13.0   19.2   26.4   26.6   26.6   26.6   26.6   38.8
          1983  -99.9  -99.9  -99.9  -99.9   14.8   14.8   14.8   15.2   27.2
          1984    1.4    2.3    2.6    3.2    4.5    8.4   18.3   24.4   33.3
          1985    2.1    3.2    3.9    4.9    8.4   13.7   18.0   20.5   35.4
          1986    6.1    9.0   11.6   13.7   14.2   17.7   37.2   48.0   83.8
          1987    5.6   11.0   16.4   22.4   23.5   23.7   25.8   26.0   26.0
          2005    1.6    2.4    3.2    4.8    6.4   11.4   30.8   56.4   80.6
          2006    7.0   12.8   16.0   21.8   22.2   22.2   22.4   26.6   33.2
          2007    3.0    4.0    4.8    5.4    7.4   11.6   25.4   26.0   26.0
          2008   10.4   12.8   13.4   15.0   15.6   16.6   20.0   22.2   27.8
          2009    4.8    6.6    7.0    9.6   11.4   15.6   22.6   37.6   42.8
          2010    2.6    4.0    4.8    7.0    8.2   13.6   28.8   50.4   60.8
          2011    3.6    6.0    7.4    9.2   11.2   14.4   24.8   34.6   41.8
          2012    7.0    8.2    9.4   12.2   17.0   24.0   30.8   31.8   34.2
          2013    2.8    4.2    5.4    8.2   11.4   15.6   24.0   37.2   38.0
          2014    3.4    4.0    4.6    5.4   10.4   11.6   22.2   40.2   41.4
          2015    5.6    9.4   11.0   11.4   11.4   11.4   15.2   25.8   31.4
          2016   11.0   11.0   11.0   11.0   14.0   20.0   41.0   42.6   43.6
          2017    2.4    3.0    3.4    4.0    7.2    9.0   14.8   25.8   27.4
          2018    3.2    4.6    5.0    5.4    6.6   12.6   16.6   24.0   29.0
          2019    1.4    2.2    2.8    2.8    2.8    4.8   10.6   12.2   18.0
          2020    5.0    7.0    7.8    9.0    9.2   10.6   22.4   32.0   45.0
          2021    2.2    4.0    5.6    6.4    6.6    7.0   13.8   17.6   17.8
        ---------------------------------------------------------------------
        # Yrs.     48     48     48     48     49     49     49     49     49
        Années
          Mean    4.8    6.9    8.3   10.7   13.0   16.2   24.2   30.9   36.9
       Moyenne
     Std. Dev.    2.7    3.7    4.7    6.5    7.0    7.6    9.1   11.4   15.1
    Écart-type
         Skew.   0.83   0.63   0.85   1.19   1.06   1.21   0.64   0.57   1.24
   Dissymétrie
      Kurtosis   3.20   2.48   2.94   3.89   3.46   4.12   2.76   2.80   4.90
 
          *-99.9 Indicates Missing Data/Données manquantes
 
 
********************************************************************************
 
Table 2a : Return Period Rainfall Amounts (mm)
           Quantité de pluie (mm) par période de retour
 
********************************************************************************
 
 Duration/Durée        2        5       10       25       50      100   #Years
                  yr/ans   yr/ans   yr/ans   yr/ans   yr/ans   yr/ans   Années
          5 min      4.4      6.7      8.3     10.3     11.8     13.3       48
         10 min      6.3      9.5     11.7     14.5     16.5     18.5       48
         15 min      7.6     11.7     14.4     17.9     20.5     23.0       48
         30 min      9.6     15.4     19.2     23.9     27.5     31.0       48
          1 h       11.9     18.1     22.2     27.3     31.2     35.0       49
          2 h       15.0     21.7     26.2     31.8     36.0     40.1       49
          6 h       22.7     30.7     36.0     42.7     47.7     52.6       49
         12 h       29.0     39.1     45.7     54.2     60.4     66.6       49
         24 h       34.4     47.7     56.6     67.7     75.9     84.1       49
 
********************************************************************************
 
Table 2b :
 
 Return Period Rainfall Rates (mm/h) - 95% Confidence limits
 Intensité de la pluie (mm/h) par période de retour - Limites de confiance de 95%
 
********************************************************************************
 
 Duration/Durée        2        5       10       25       50      100   #Years
                  yr/ans   yr/ans   yr/ans   yr/ans   yr/ans   yr/ans   Années
          5 min     52.3     81.0    100.0    124.0    141.8    159.5       48
                +/-  8.4 +/- 14.2 +/- 19.2 +/- 25.9 +/- 31.0 +/- 36.1       48
         10 min     37.5     57.3     70.3     86.8     99.0    111.2       48
                +/-  5.8 +/-  9.8 +/- 13.2 +/- 17.8 +/- 21.3 +/- 24.8       48
         15 min     30.2     46.8     57.8     71.6     81.9     92.1       48
                +/-  4.9 +/-  8.2 +/- 11.1 +/- 14.9 +/- 17.9 +/- 20.8       48
         30 min     19.3     30.7     38.3     47.9     55.0     62.1       48
                +/-  3.4 +/-  5.7 +/-  7.7 +/- 10.3 +/- 12.3 +/- 14.4       48
          1 h       11.9     18.1     22.2     27.3     31.2     35.0       49
                +/-  1.8 +/-  3.0 +/-  4.1 +/-  5.5 +/-  6.6 +/-  7.7       49
          2 h        7.5     10.9     13.1     15.9     18.0     20.1       49
                +/-  1.0 +/-  1.6 +/-  2.2 +/-  3.0 +/-  3.6 +/-  4.2       49
          6 h        3.8      5.1      6.0      7.1      7.9      8.8       49
                +/-  0.4 +/-  0.7 +/-  0.9 +/-  1.2 +/-  1.4 +/-  1.7       49
         12 h        2.4      3.3      3.8      4.5      5.0      5.6       49
                +/-  0.2 +/-  0.4 +/-  0.6 +/-  0.7 +/-  0.9 +/-  1.0       49
         24 h        1.4      2.0      2.4      2.8      3.2      3.5       49
                +/-  0.2 +/-  0.3 +/-  0.4 +/-  0.5 +/-  0.6 +/-  0.7       49
 
********************************************************************************
 
Table 3 : Interpolation Equation / Équation d'interpolation: R = A*T^B
 
R = Interpolated Rainfall rate (mm/h)/Intensité interpolée de la pluie (mm/h)
RR = Rainfall rate (mm/h) / Intensité de la pluie (mm/h)
 T = Rainfall duration (h) / Durée de la pluie (h)
 
********************************************************************************
 
       Statistics/Statistiques      2      5     10     25     50    100
                               yr/ans yr/ans yr/ans yr/ans yr/ans yr/ans
      Mean of RR/Moyenne de RR   18.5   28.3   34.9   43.1   49.2   55.3
    Std. Dev. /Écart-type (RR)   17.9   27.9   34.5   42.8   49.0   55.2
        Std. Error/Erreur-type    2.3    4.5    6.0    7.9    9.4   10.9
               Coefficient (A)   11.7   17.4   21.1   25.8   29.2   32.7
         Exponent/Exposant (B) -0.642 -0.671 -0.681 -0.691 -0.696 -0.699
 Mean % Error/% erreur moyenne    3.7    4.6    5.3    5.9    6.2    6.5
