                     Environment and Climate Change Canada
                 Environnement et Changement climatique Canada
                                        
           Short Duration Rainfall Intensity-Duration-Frequency Data
          Données sur l'intensité, la durée et la fréquence des chutes
                            de pluie de courte durée
                                        
                 Gumbel - Method of moments/Méthode des moments
                                        
                                   2022/10/31
                                        
================================================================================
 
 EDMONTON BLATCHFORD                                    AB        3012209       
                     
 Latitude:  53 34'N    Longitude: 113 31'W   Elevation/Altitude: 671        m
 
 Years/Années :  1914 - 2021          # Years/Années :     75   
 
================================================================================
 
********************************************************************************
 
Table 1 : Annual Maximum (mm)/Maximum annuel (mm)
 
********************************************************************************
 
          Year  5 min 10 min 15 min 30 min    1 h    2 h    6 h   12 h   24 h
         Année
          1914    7.4   12.7   17.8   25.9   29.7   30.5   30.5   31.2   50.8
          1915    8.1   14.7   19.3   27.2   38.4   43.4   66.5   68.1   68.1
          1916    6.6   10.2   13.7   16.0   17.8   19.6   35.1   41.7   41.9
          1917    7.4    8.4    8.6   13.5   17.8   21.3   21.3   21.3   26.9
          1918   10.4   18.0   20.8   25.1   29.0   31.5  -99.9  -99.9   39.1
          1919    3.6    5.3    6.1    7.4    7.6    8.6   20.1   20.6   27.4
          1931    2.8    5.6    6.9    8.4   12.4   21.8   39.4   50.5   64.0
          1932    7.4    9.1    9.1   10.2   11.2   13.7   14.5   18.3   20.1
          1933    4.8    9.7   12.4   15.7   17.8   20.1   23.6   24.4   30.5
          1934    3.3    5.8    6.6    7.1    7.6  -99.9  -99.9  -99.9   31.5
          1935    2.5    4.1    4.8    6.1    8.4   10.4   16.3   26.2   28.4
          1936    2.5    3.3    4.3    5.1    7.6   12.4   16.0   16.0   16.5
          1937    2.8    5.1    7.1   10.9   19.3   35.6   65.8   79.2  105.9
          1944    2.5    4.1    4.3    7.1   12.2   14.2   27.2   35.1   43.4
          1945    4.1    5.8    6.3    9.9   10.2   10.4   21.3   31.2   42.4
          1946    9.4   13.7   20.3   39.9   43.9   44.7   44.7   46.7   48.8
          1947    6.9   10.9   14.5   15.0   15.0   15.0   20.8   31.2   34.3
          1948    8.1   15.7   17.8   17.8   18.0   18.0   20.6   25.4   28.4
          1949    8.9   17.3   24.4   39.6   48.3   51.3   52.1   52.1   64.0
          1950    6.3   12.4   17.0   21.8   26.9   27.9   28.2   34.0   34.3
          1951   10.2   12.2   13.2   14.0   14.7   24.4   25.7   39.9   44.4
          1952    5.8    7.4    8.4    8.9   12.4   14.5   21.6   27.9   42.2
          1953  -99.9  -99.9  -99.9  -99.9  -99.9  -99.9   85.1  110.7  119.9
          1954    4.8    9.7   12.2   24.1   24.6   29.0   30.5   30.5   41.9
          1955    8.1    9.7    9.7   11.4   12.2   15.2   30.0   31.0   32.3
          1956    5.8   11.7   15.0   20.3   25.1   33.0   45.7   45.7   51.8
          1958    9.1   14.5   21.6   25.9   26.4   27.9   28.4   39.9   66.5
          1959    4.1    6.9    8.9   11.9   13.0   14.0   19.0   23.9   28.2
          1960   20.3   29.5   31.2   31.7   31.7   31.7   46.7   59.7   70.4
          1961    2.5    3.6    3.8    4.6    6.9   11.9   27.7   34.5   48.0
          1962    4.3    6.1    6.9    8.6   16.0   16.5   17.0   18.8   22.9
          1963    6.9    8.1   11.4   16.8   27.7   27.9   27.9   27.9   27.9
          1964    5.8    7.1    7.6   10.2   15.7   19.0   19.3   23.4   26.7
          1965    6.1    7.9    8.1   10.7   11.9   13.7   34.0   50.3   78.0
          1966    5.1    6.1    6.3    6.9    7.6   11.2   23.4   30.0   38.9
          1967    6.1    8.6   11.7   18.3   27.4   33.0   39.1   39.1   39.1
          1968    7.4    8.9    8.9    9.9    9.9   10.4   17.0   29.0   34.5
          1969    1.8    2.5    3.6    4.3    7.4   13.2   21.6   32.8   54.9
          1970  -99.9  -99.9  -99.9  -99.9  -99.9   42.2   42.2   42.2   51.8
          1971    8.4    9.1    9.7    9.7   11.4   16.3   20.6   21.1   22.1
          1972    6.6   11.2   11.9   11.9   15.5   15.5   24.6   28.4   30.2
          1973    8.4   14.0   15.0   15.5   15.5   19.6   28.2   41.4   51.6
          1974    5.6    8.6    9.1   10.4   13.2   24.6   59.7   72.6   80.0
          1976    5.3    8.6   10.7   13.7   16.8   29.5   59.2   59.9   61.2
          1977    5.3    8.6   10.2   14.0   15.0   17.3   24.9   37.3   60.5
          1978    6.0   11.6   17.0   23.8   25.8   31.8   41.6   65.2   88.0
          1979    6.4    9.2   10.2   14.1   20.3   30.3   41.9   48.4   65.4
          1980    5.4    8.5   11.6   13.0   13.6   13.6   20.4   32.0   52.5
          1981   10.9   13.7   16.6   17.4   30.8   38.5   47.0   54.6   55.8
          1982    3.0    3.9    4.2    6.8    9.7   15.4   29.3   43.2   57.8
          1983    6.3    8.6   11.0   16.1   19.8   23.7   38.1   41.3   73.6
          1984    3.1    5.8    8.0    9.5   11.1   13.3   18.7   25.8   36.9
          1985    4.7    8.3   10.4   10.4   12.6   16.2   20.2   32.6   33.9
          1986    3.4    4.7    5.6    8.1   12.8   18.7   30.2   38.3   48.4
          1987    7.3   14.6   18.7   25.5   37.9   45.2   51.8   64.5   66.2
          1988    9.3   13.2   13.4   13.4   13.4   16.3   39.5   55.2   93.4
          1989    5.8   10.9   12.2   12.8   13.0   13.0   23.8   36.8   39.2
          1990    2.5    3.2    4.3    8.1   13.2   18.8   50.6   82.4  110.8
          1991    5.5    8.3   11.0   20.0   24.6   33.2   41.4   41.4   55.0
          1992    3.3    5.0    7.5    9.9   10.3   11.3   14.6   26.6   27.6
          1993    7.7    8.9    9.3   16.2   19.2   19.4   19.4   24.2   43.0
          2005    3.8    5.6    5.6    5.6    5.6    9.4   15.2   15.6   15.6
          2006    8.0    9.8   10.2   14.6   16.2   17.0   19.8   21.4   29.4
          2007    4.2    6.4    7.2    9.6   10.8   13.2   19.0   25.0   33.0
          2008    9.4   11.4   11.6   11.6   11.6   15.4   18.6   18.6   24.8
          2009    3.4    4.8    5.6    6.4    8.4   10.6   20.0   26.2   26.8
          2010    4.6    6.4    8.2   12.0   14.2   14.4   20.2   29.2   38.4
          2011    4.8    7.2   10.2   11.8   14.4   20.0   40.0   44.4   49.8
          2012    8.0   13.0   13.8   14.8   16.2   16.8   24.2   31.2   52.0
          2013   12.2   19.4   24.0   33.0   35.0   36.6   39.8   40.4   40.4
          2015    2.4    3.6    3.8    4.0    6.8    8.6   20.6   26.4   26.4
          2016    7.8   14.8   19.0   23.4   23.6   25.2   26.0   26.0   37.6
          2017    6.4    7.8    8.0    8.0    8.0   10.0   18.0   27.4   27.4
          2018    3.6    5.4    7.4    9.2    9.6   15.6   16.8   27.2   40.0
          2019    6.2   11.4   16.8   20.0   20.4   23.6   32.6   34.4   44.8
          2020    6.2   10.2   14.6   23.6   28.0   29.6   29.6   29.6   47.4
          2021    5.4    9.6   12.2   13.4   14.2   14.2   15.4   20.0   28.8
        ---------------------------------------------------------------------
        # Yrs.     75     75     75     75     75     75     75     75     77
        Années
          Mean    6.1    9.3   11.3   14.5   17.4   21.3   30.5   37.4   46.5
       Moyenne
     Std. Dev.    2.9    4.4    5.6    7.8    9.2   10.1   14.3   17.1   21.4
    Écart-type
         Skew.   1.75   1.49   1.06   1.28   1.28   1.00   1.43   1.72   1.34
   Dissymétrie
      Kurtosis   9.98   7.62   4.37   4.69   4.49   3.38   5.27   7.06   5.08
 
          *-99.9 Indicates Missing Data/Données manquantes
 
 Warning: annual maximum amount greater than 100-yr return period amount
 Avertissement : la quantité maximale annuelle excède la quantité
                 pour une période de retour de 100 ans
          Year/Année      Duration/Durée        Data/Données          100-yr/ans
                1946              30 min                39.9                39.1
                1949              30 min                39.6                39.1
                1949               1 h                  48.3                46.2
                1953               6 h                  85.1                75.3
                1953              12 h                 110.7                91.1
                1953              24 h                 119.9               113.6
                1960               5 min                20.3                15.1
                1960              10 min                29.5                23.3
                1960              15 min                31.2                28.7
 
********************************************************************************
 
Table 2a : Return Period Rainfall Amounts (mm)
           Quantité de pluie (mm) par période de retour
 
********************************************************************************
 
 Duration/Durée        2        5       10       25       50      100   #Years
                  yr/ans   yr/ans   yr/ans   yr/ans   yr/ans   yr/ans   Années
          5 min      5.6      8.1      9.8     11.9     13.5     15.1       75
         10 min      8.6     12.5     15.1     18.4     20.8     23.3       75
         15 min     10.4     15.3     18.5     22.6     25.7     28.7       75
         30 min     13.2     20.2     24.7     30.5     34.8     39.1       75
          1 h       15.9     24.0     29.4     36.2     41.2     46.2       75
          2 h       19.7     28.6     34.5     41.9     47.4     52.9       75
          6 h       28.2     40.8     49.1     59.7     67.5     75.3       75
         12 h       34.6     49.7     59.8     72.4     81.8     91.1       75
         24 h       43.0     61.9     74.4     90.2    101.9    113.6       77
 
********************************************************************************
 
Table 2b :
 
 Return Period Rainfall Rates (mm/h) - 95% Confidence limits
 Intensité de la pluie (mm/h) par période de retour - Limites de confiance de 95%
 
********************************************************************************
 
 Duration/Durée        2        5       10       25       50      100   #Years
                  yr/ans   yr/ans   yr/ans   yr/ans   yr/ans   yr/ans   Années
          5 min     67.4     97.7    117.8    143.2    162.0    180.7       75
                +/-  7.1 +/- 12.0 +/- 16.2 +/- 21.9 +/- 26.2 +/- 30.5       75
         10 min     51.4     75.0     90.6    110.4    125.0    139.5       75
                +/-  5.5 +/-  9.3 +/- 12.6 +/- 17.0 +/- 20.3 +/- 23.7       75
         15 min     41.5     61.1     74.1     90.6    102.7    114.8       75
                +/-  4.6 +/-  7.8 +/- 10.5 +/- 14.2 +/- 16.9 +/- 19.7       75
         30 min     26.5     40.3     49.5     61.1     69.7     78.2       75
                +/-  3.3 +/-  5.5 +/-  7.4 +/- 10.0 +/- 11.9 +/- 13.9       75
          1 h       15.9     24.0     29.4     36.2     41.2     46.2       75
                +/-  1.9 +/-  3.2 +/-  4.3 +/-  5.8 +/-  7.0 +/-  8.1       75
          2 h        9.8     14.3     17.2     20.9     23.7     26.4       75
                +/-  1.0 +/-  1.8 +/-  2.4 +/-  3.2 +/-  3.8 +/-  4.5       75
          6 h        4.7      6.8      8.2      9.9     11.3     12.5       75
                +/-  0.5 +/-  0.8 +/-  1.1 +/-  1.5 +/-  1.8 +/-  2.1       75
         12 h        2.9      4.1      5.0      6.0      6.8      7.6       75
                +/-  0.3 +/-  0.5 +/-  0.7 +/-  0.9 +/-  1.1 +/-  1.3       75
         24 h        1.8      2.6      3.1      3.8      4.2      4.7       77
                +/-  0.2 +/-  0.3 +/-  0.4 +/-  0.6 +/-  0.7 +/-  0.8       77
 
********************************************************************************
 
Table 3 : Interpolation Equation / Équation d'interpolation: R = A*T^B
 
R = Interpolated Rainfall rate (mm/h)/Intensité interpolée de la pluie (mm/h)
RR = Rainfall rate (mm/h) / Intensité de la pluie (mm/h)
 T = Rainfall duration (h) / Durée de la pluie (h)
 
********************************************************************************
 
       Statistics/Statistiques      2      5     10     25     50    100
                               yr/ans yr/ans yr/ans yr/ans yr/ans yr/ans
      Mean of RR/Moyenne de RR   24.7   36.2   43.9   53.6   60.7   67.9
    Std. Dev. /Écart-type (RR)   23.8   34.6   41.8   50.9   57.6   64.3
        Std. Error/Erreur-type    4.8    8.0   10.1   12.8   14.8   16.7
               Coefficient (A)   15.4   22.5   27.3   33.2   37.7   42.1
         Exponent/Exposant (B) -0.662 -0.666 -0.668 -0.669 -0.670 -0.670
 Mean % Error/% erreur moyenne    5.4    6.3    6.6    6.9    7.1    7.2
