                     Environment and Climate Change Canada
                 Environnement et Changement climatique Canada
                                        
           Short Duration Rainfall Intensity-Duration-Frequency Data
          Données sur l'intensité, la durée et la fréquence des chutes
                            de pluie de courte durée
                                        
                 Gumbel - Method of moments/Méthode des moments
                                        
                                   2022/10/31
                                        
================================================================================
 
 BEAVERLODGE RCS                                        AB        3070600       
                     
 Latitude:  55 12'N    Longitude: 119 24'W   Elevation/Altitude: 745        m
 
 Years/Années :  1961 - 2021          # Years/Années :     48   
 
================================================================================
 
********************************************************************************
 
Table 1 : Annual Maximum (mm)/Maximum annuel (mm)
 
********************************************************************************
 
          Year  5 min 10 min 15 min 30 min    1 h    2 h    6 h   12 h   24 h
         Année
          1961    4.1    6.1    7.6   10.7   12.4   14.2   18.5   24.6   27.9
          1962    6.1   11.2   13.2   14.5   14.5   15.0   26.9   31.7   35.8
          1963    9.1   10.4   11.4   11.7   11.7  -99.9  -99.9  -99.9  -99.9
          1964    8.6   15.0   18.5   19.3   20.3   20.6   38.6   59.9  107.4
          1965   15.7   25.4   31.2   55.4   59.4   66.0   68.6   68.8   95.5
          1966    7.4   11.2   12.4   13.7   21.6   23.1   28.4   35.1   58.4
          1967    1.5    3.0    4.6    5.3    6.6    8.9   13.2   13.7   14.2
          1968    1.8    2.3    3.3    4.8    7.6   14.0   23.1   36.8   57.9
          1969    1.3    2.0    3.0    4.1    5.8    8.6   17.0   29.0   46.5
          1970    8.4   16.5   21.8   23.4   25.9   25.9   25.9   25.9   25.9
          1971    6.6   10.4   10.7   13.2   17.5   23.9   36.6   39.4   44.2
          1972    3.6    6.3    8.9   16.3   17.5   21.3   26.9   26.9   28.4
          1974    3.6    4.1    4.6    6.9    9.9   11.9   17.5   17.8   17.8
          1975    2.3    3.3    4.3    5.6    6.1    8.6   13.0   23.4   35.3
          1976    5.6    8.1   10.4   15.7   17.3   21.3   22.4   29.2   40.1
          1977    7.1   11.9   13.0   14.5   15.7   16.8   26.4   32.0   38.9
          1978    4.0    4.4    5.2    7.9    9.1   11.7   22.2   31.2   32.0
          1979    4.2    8.3    9.3   13.3   17.8   19.7   27.3   29.7   43.8
          1980    4.6    7.0    7.6    7.6    9.7   11.3   18.9   25.2   32.9
          1981    3.3    5.6    7.5   10.2   10.9   11.0   12.1   19.8   31.2
          1982    1.5    2.6    3.9    6.0    9.7   14.9   27.5   51.9   93.2
          1983  -99.9  -99.9  -99.9  -99.9   12.5   14.2   21.2   27.4   40.1
          1984    4.4    5.2    5.8   11.6   18.8   20.7   25.4   27.8   41.5
          1985    2.0    2.7    4.0    4.6    8.0   10.3   19.4   23.4   35.3
          1986    8.3   12.9   13.1   13.5   13.7   25.7   32.1   38.2   50.4
          1987    7.0    8.4    8.9   10.5   11.5   17.7   39.1   48.6   51.6
          1988    3.1    5.3    8.3   10.6   12.3   12.6   28.9   31.3   36.6
          1989    7.5    9.8   10.7   11.6   12.5   16.4   20.2   30.9   33.8
          1990    2.4    4.8    6.2    7.1    8.1   14.0   35.7   65.8  115.0
          1991    4.2    6.6    7.2    8.3   10.0   11.4   15.9   25.6   30.0
          1992    4.3    7.2   10.3   14.6   19.8   21.1   21.3   26.0   31.1
          1993   10.2   11.8   13.8   14.7   14.7   15.0  -99.9  -99.9   32.9
          1994    5.2    6.0    6.6    8.8   12.8   14.4   17.8   23.6   39.6
          2005    7.4    7.4    7.6   10.0   12.6   13.4   17.6   17.8   21.6
          2006    6.2    6.2    6.2    8.0    8.0    9.6   13.8   17.6   21.6
          2007    3.2    4.2    5.6    8.6   12.2   12.6   15.8   18.0   20.2
          2008    2.2    3.4    5.2    5.4    6.2    7.8   11.2   12.4   19.8
          2009    5.4    6.8    7.2    8.2   14.4   16.8   24.6   37.8   46.0
          2010    2.6    4.0    4.8    6.0    7.6    8.5   18.6   28.5   42.6
          2011    4.8    6.6    7.6    9.4   11.2   14.4   21.8   35.6   50.8
          2012    5.6    7.0    7.2    8.2   14.0   15.4   15.4   15.6   25.4
          2013   14.8   20.2   22.2   24.2   24.2   24.4   25.0   25.6   37.8
          2014    4.6    7.2    9.2   10.8   10.8   10.8   17.0   20.0   26.0
          2015    4.2    6.6    8.8   11.8   15.0   18.2   28.8   45.2   59.0
          2016    6.2   11.0   12.2   14.8   15.2   15.2   17.6   22.8   36.0
          2017    3.8    4.6    5.2    6.4    8.6   12.4   25.6   40.8   51.8
          2018    7.0    9.6   12.0   23.2   34.0   49.0   49.0   49.0   49.0
          2019    4.8    5.0    6.4    9.6   12.0   15.2   23.8   32.8   34.2
          2020    3.2    4.6    6.0    7.4    9.4   14.8   31.4   33.6   34.0
          2021    2.6    4.2    4.4    4.4    6.8   12.0   24.2   36.0   38.4
        ---------------------------------------------------------------------
        # Yrs.     49     49     49     49     50     49     48     48     49
        Années
          Mean    5.3    7.6    9.1   11.7   14.1   17.0   24.4   31.5   42.0
       Moyenne
     Std. Dev.    3.0    4.6    5.4    8.0    8.6    9.8   10.2   12.6   21.3
    Écart-type
         Skew.   1.51   1.76   2.08   3.62   3.38   3.38   2.10   1.19   1.96
   Dissymétrie
      Kurtosis   6.31   7.18   8.70  20.93  18.55  17.05   9.94   4.66   7.22
 
          *-99.9 Indicates Missing Data/Données manquantes
 
 Warning: annual maximum amount greater than 100-yr return period amount
 Avertissement : la quantité maximale annuelle excède la quantité
                 pour une période de retour de 100 ans
          Year/Année      Duration/Durée        Data/Données          100-yr/ans
                1965               5 min                15.7                14.7
                1965              10 min                25.4                22.1
                1965              15 min                31.2                25.9
                1965              30 min                55.4                36.8
                1965               1 h                  59.4                41.0
                1965               2 h                  66.0                47.8
                1965               6 h                  68.6                56.2
                1990              24 h                 115.0               108.8
                2013               5 min                14.8                14.7
                2018               2 h                  49.0                47.8
 
********************************************************************************
 
Table 2a : Return Period Rainfall Amounts (mm)
           Quantité de pluie (mm) par période de retour
 
********************************************************************************
 
 Duration/Durée        2        5       10       25       50      100   #Years
                  yr/ans   yr/ans   yr/ans   yr/ans   yr/ans   yr/ans   Années
          5 min      4.8      7.4      9.2     11.4     13.1     14.7       49
         10 min      6.9     11.0     13.7     17.1     19.6     22.1       49
         15 min      8.2     12.9     16.1     20.1     23.0     25.9       49
         30 min     10.4     17.5     22.1     28.1     32.5     36.8       49
          1 h       12.7     20.3     25.3     31.6     36.3     41.0       50
          2 h       15.4     24.1     29.8     37.1     42.5     47.8       49
          6 h       22.7     31.7     37.6     45.1     50.7     56.2       48
         12 h       29.4     40.5     47.8     57.1     64.0     70.8       48
         24 h       38.5     57.3     69.8     85.5     97.2    108.8       49
 
********************************************************************************
 
Table 2b :
 
 Return Period Rainfall Rates (mm/h) - 95% Confidence limits
 Intensité de la pluie (mm/h) par période de retour - Limites de confiance de 95%
 
********************************************************************************
 
 Duration/Durée        2        5       10       25       50      100   #Years
                  yr/ans   yr/ans   yr/ans   yr/ans   yr/ans   yr/ans   Années
          5 min     57.1     89.2    110.4    137.2    157.1    176.8       49
                +/-  9.3 +/- 15.7 +/- 21.2 +/- 28.6 +/- 34.2 +/- 39.8       49
         10 min     41.3     65.8     82.0    102.4    117.6    132.7       49
                +/-  7.1 +/- 12.0 +/- 16.2 +/- 21.8 +/- 26.1 +/- 30.4       49
         15 min     32.8     51.8     64.3     80.2     92.0    103.7       49
                +/-  5.5 +/-  9.3 +/- 12.5 +/- 16.9 +/- 20.2 +/- 23.6       49
         30 min     20.7     34.9     44.3     56.1     64.9     73.7       49
                +/-  4.1 +/-  6.9 +/-  9.4 +/- 12.6 +/- 15.1 +/- 17.6       49
          1 h       12.7     20.3     25.3     31.6     36.3     41.0       50
                +/-  2.2 +/-  3.7 +/-  5.0 +/-  6.7 +/-  8.0 +/-  9.3       50
          2 h        7.7     12.0     14.9     18.5     21.2     23.9       49
                +/-  1.3 +/-  2.1 +/-  2.9 +/-  3.9 +/-  4.6 +/-  5.4       49
          6 h        3.8      5.3      6.3      7.5      8.4      9.4       48
                +/-  0.4 +/-  0.7 +/-  1.0 +/-  1.3 +/-  1.6 +/-  1.9       48
         12 h        2.4      3.4      4.0      4.8      5.3      5.9       48
                +/-  0.3 +/-  0.5 +/-  0.6 +/-  0.8 +/-  1.0 +/-  1.2       48
         24 h        1.6      2.4      2.9      3.6      4.1      4.5       49
                +/-  0.2 +/-  0.4 +/-  0.5 +/-  0.7 +/-  0.8 +/-  1.0       49
 
********************************************************************************
 
Table 3 : Interpolation Equation / Équation d'interpolation: R = A*T^B
 
R = Interpolated Rainfall rate (mm/h)/Intensité interpolée de la pluie (mm/h)
RR = Rainfall rate (mm/h) / Intensité de la pluie (mm/h)
 T = Rainfall duration (h) / Durée de la pluie (h)
 
********************************************************************************
 
       Statistics/Statistiques      2      5     10     25     50    100
                               yr/ans yr/ans yr/ans yr/ans yr/ans yr/ans
      Mean of RR/Moyenne de RR   20.0   31.7   39.4   49.1   56.3   63.5
    Std. Dev. /Écart-type (RR)   19.7   31.1   38.7   48.3   55.4   62.4
        Std. Error/Erreur-type    2.4    5.5    7.7   10.4   12.5   14.5
               Coefficient (A)   12.5   19.3   23.7   29.4   33.5   37.7
         Exponent/Exposant (B) -0.651 -0.674 -0.682 -0.690 -0.693 -0.696
 Mean % Error/% erreur moyenne    3.9    6.8    8.0    9.1    9.7   10.2
