                     Environment and Climate Change Canada
                 Environnement et Changement climatique Canada
                                        
           Short Duration Rainfall Intensity-Duration-Frequency Data
          Données sur l'intensité, la durée et la fréquence des chutes
                            de pluie de courte durée
                                        
                 Gumbel - Method of moments/Méthode des moments
                                        
                                   2022/10/31
                                        
================================================================================
 
 FORT MCMURRAY CS                                       AB        3062696       
                     
 Latitude:  56 39'N    Longitude: 111 13'W   Elevation/Altitude: 368        m
 
 Years/Années :  1966 - 2021          # Years/Années :     43   
 
================================================================================
 
********************************************************************************
 
Table 1 : Annual Maximum (mm)/Maximum annuel (mm)
 
********************************************************************************
 
          Year  5 min 10 min 15 min 30 min    1 h    2 h    6 h   12 h   24 h
         Année
          1966    5.1    7.4   10.2   14.2   15.0   16.5   30.0   40.9   54.9
          1967    7.9   10.9   13.7   14.2   17.3   22.1   28.4   30.0   36.3
          1968    4.6    5.1    5.6    6.1    8.9   11.4   14.0   18.5   25.9
          1969    3.8    6.3    8.9   10.4   10.7   17.0   27.7   50.8   55.1
          1970    5.6    8.1   11.9   14.0   15.2   25.1   47.5   57.9   64.0
          1971    4.3    7.1    7.9    8.1    9.1    9.4   20.3   22.6   28.7
          1972    5.8    7.4    7.6    9.4   13.0   14.0   21.6   22.1   22.1
          1973    6.6   11.7   15.7   19.3   22.9   33.8   41.4   41.4   48.0
          1974   10.2   11.2   12.4   24.9   24.9   24.9   26.7   26.7   27.2
          1975   10.7   15.0   16.0   17.0   21.1   23.4   23.4   26.4   32.8
          1976    6.1    8.1    9.7   15.5   17.5   25.1   55.1   85.3   94.5
          1977    5.8    7.1    7.4    8.1    8.1    8.4   14.5   20.1   20.3
          1978    4.6    6.7    7.7    9.4   11.0   12.7   17.6   28.5   33.5
          1979    3.2    5.9    6.3    6.6    6.6    9.9   17.8   23.6   31.0
          1980    5.2    6.4    8.3   16.6   17.2   18.4   32.5   34.8   60.6
          1981    5.0    6.0    8.0   10.0   16.7   25.7   39.6   42.6   57.3
          1982    2.3    4.6    5.1    6.9    7.6   12.4   17.5   23.2   27.4
          1983  -99.9  -99.9  -99.9  -99.9   15.0   18.4   18.7   24.2   30.3
          1984    5.1    8.2    9.0   10.7   17.3   28.1   43.9   52.7   57.1
          1985    4.7    5.8    5.8    5.8    7.2    9.1   17.8   22.4   35.3
          1986    2.8    3.8    5.3    6.6    9.0   12.8   16.2   25.2   31.5
          1987    3.6    6.0    6.7    7.2    7.6   11.8   15.6   20.2   27.6
          1988    2.7    4.7    4.7    6.4    8.4   13.0   27.6   38.6   57.8
          1989    7.8    8.7   10.4   16.0   18.8   20.5   21.2   30.3   38.1
          1990    3.5    5.1    6.3   11.0   15.0   19.5   24.4   33.4   38.2
          1991    5.6   10.4   13.0   17.6   17.9   21.2   46.8   52.3   53.8
          1992    3.2    3.2    4.5    5.4    9.4   15.2   29.7   45.9   50.2
          1993    5.8    7.3    7.3    7.3    9.5    9.5   19.8   27.4   34.2
          1994    3.5    3.9    4.8    5.6    7.8   12.1   16.3   20.3   29.7
          1995   14.1   17.2   19.8   22.0   24.7   30.0   30.6   36.6   55.2
          2005    5.2    6.4    7.0    8.6   13.8   20.4   36.4   51.4   61.4
          2006   13.0   14.0   14.8   16.0   16.8   17.4   20.0   32.6   40.0
          2007    4.8    8.0    9.4    9.8   10.2   11.0   24.0   24.0   29.2
          2008    5.8    8.4    9.0   10.4   13.0   13.0   20.6   31.0   45.8
          2009    7.0   13.8   18.0   22.0   24.6   27.2   37.0   37.0   37.2
          2010    8.4   13.4   19.8   22.4   22.4   22.6   23.0   23.0   23.2
          2011    5.8    7.8    8.8    9.4   10.6   13.0   17.0   17.0   17.0
          2012  -99.9  -99.9  -99.9  -99.9    9.5   14.0   26.5   44.0   54.3
          2013  -99.9  -99.9  -99.9  -99.9   28.5   30.1   35.4   41.2   48.9
          2014    1.0    1.8    2.2    2.8    4.0    7.4   17.0   27.6   35.0
          2016    7.4   12.6   18.4   31.4   47.8   61.8   78.8   84.4   84.8
          2017    2.8    5.4    7.0    8.4    8.8   11.0   15.0   20.6   25.6
          2018    7.8   14.8   18.0   22.4   30.4   36.8   39.0   46.8   51.0
          2019   11.2   14.0   16.6   19.0   19.0   20.0   20.8   25.4   42.0
          2020    3.8    5.2    5.6    7.0   10.4   14.8   24.2   39.4   40.0
          2021    6.0    9.8   12.6   19.6   28.2   33.2   44.2   46.2   51.2
        ---------------------------------------------------------------------
        # Yrs.     43     43     43     43     46     46     46     46     46
        Années
          Mean    5.8    8.2    9.9   12.6   15.4   19.2   27.9   35.1   42.3
       Moyenne
     Std. Dev.    2.8    3.6    4.7    6.5    8.2    9.9   12.9   15.2   16.3
    Écart-type
         Skew.   1.18   0.69   0.72   0.86   1.61   1.98   1.74   1.57   1.02
   Dissymétrie
      Kurtosis   4.66   2.89   2.66   3.33   7.16   9.42   7.27   6.20   4.56
 
          *-99.9 Indicates Missing Data/Données manquantes
 
 Warning: annual maximum amount greater than 100-yr return period amount
 Avertissement : la quantité maximale annuelle excède la quantité
                 pour une période de retour de 100 ans
          Year/Année      Duration/Durée        Data/Données          100-yr/ans
                1976              12 h                  85.3                82.9
                1976              24 h                  94.5                93.3
                2016               1 h                  47.8                41.1
                2016               2 h                  61.8                50.2
                2016               6 h                  78.8                68.3
                2016              12 h                  84.4                82.9
 
********************************************************************************
 
Table 2a : Return Period Rainfall Amounts (mm)
           Quantité de pluie (mm) par période de retour
 
********************************************************************************
 
 Duration/Durée        2        5       10       25       50      100   #Years
                  yr/ans   yr/ans   yr/ans   yr/ans   yr/ans   yr/ans   Années
          5 min      5.3      7.8      9.4     11.5     13.0     14.5       43
         10 min      7.7     10.9     13.0     15.7     17.7     19.6       43
         15 min      9.2     13.3     16.0     19.5     22.0     24.5       43
         30 min     11.5     17.2     21.0     25.8     29.4     32.9       43
          1 h       14.1     21.3     26.1     32.1     36.6     41.1       46
          2 h       17.6     26.3     32.1     39.4     44.8     50.2       46
          6 h       25.8     37.2     44.7     54.2     61.2     68.3       46
         12 h       32.6     46.1     55.0     66.3     74.6     82.9       46
         24 h       39.6     54.0     63.5     75.5     84.5     93.3       46
 
********************************************************************************
 
Table 2b :
 
 Return Period Rainfall Rates (mm/h) - 95% Confidence limits
 Intensité de la pluie (mm/h) par période de retour - Limites de confiance de 95%
 
********************************************************************************
 
 Duration/Durée        2        5       10       25       50      100   #Years
                  yr/ans   yr/ans   yr/ans   yr/ans   yr/ans   yr/ans   Années
          5 min     64.0     93.6    113.2    138.0    156.3    174.5       43
                +/-  9.2 +/- 15.5 +/- 20.9 +/- 28.2 +/- 33.7 +/- 39.3       43
         10 min     45.9     65.2     77.9     94.1    106.0    117.9       43
                +/-  6.0 +/- 10.1 +/- 13.6 +/- 18.3 +/- 22.0 +/- 25.6       43
         15 min     36.7     53.1     64.0     77.8     88.0     98.2       43
                +/-  5.1 +/-  8.6 +/- 11.6 +/- 15.7 +/- 18.8 +/- 21.9       43
         30 min     23.1     34.5     42.1     51.6     58.7     65.8       43
                +/-  3.6 +/-  6.0 +/-  8.1 +/- 10.9 +/- 13.0 +/- 15.2       43
          1 h       14.1     21.3     26.1     32.1     36.6     41.1       46
                +/-  2.2 +/-  3.7 +/-  4.9 +/-  6.7 +/-  8.0 +/-  9.3       46
          2 h        8.8     13.2     16.1     19.7     22.4     25.1       46
                +/-  1.3 +/-  2.2 +/-  3.0 +/-  4.0 +/-  4.8 +/-  5.6       46
          6 h        4.3      6.2      7.4      9.0     10.2     11.4       46
                +/-  0.6 +/-  1.0 +/-  1.3 +/-  1.7 +/-  2.1 +/-  2.4       46
         12 h        2.7      3.8      4.6      5.5      6.2      6.9       46
                +/-  0.3 +/-  0.6 +/-  0.8 +/-  1.0 +/-  1.2 +/-  1.4       46
         24 h        1.7      2.2      2.6      3.1      3.5      3.9       46
                +/-  0.2 +/-  0.3 +/-  0.4 +/-  0.6 +/-  0.7 +/-  0.8       46
 
********************************************************************************
 
Table 3 : Interpolation Equation / Équation d'interpolation: R = A*T^B
 
R = Interpolated Rainfall rate (mm/h)/Intensité interpolée de la pluie (mm/h)
RR = Rainfall rate (mm/h) / Intensité de la pluie (mm/h)
 T = Rainfall duration (h) / Durée de la pluie (h)
 
********************************************************************************
 
       Statistics/Statistiques      2      5     10     25     50    100
                               yr/ans yr/ans yr/ans yr/ans yr/ans yr/ans
      Mean of RR/Moyenne de RR   22.4   32.6   39.3   47.9   54.2   60.5
    Std. Dev. /Écart-type (RR)   22.1   31.9   38.5   46.8   52.9   59.0
        Std. Error/Erreur-type    2.9    4.7    6.0    7.7    8.9   10.2
               Coefficient (A)   13.9   20.2   24.3   29.6   33.5   37.3
         Exponent/Exposant (B) -0.657 -0.666 -0.669 -0.672 -0.673 -0.674
 Mean % Error/% erreur moyenne    3.3    5.0    5.8    6.5    6.9    7.2
