                     Environment and Climate Change Canada
                 Environnement et Changement climatique Canada
                                        
           Short Duration Rainfall Intensity-Duration-Frequency Data
          Données sur l'intensité, la durée et la fréquence des chutes
                            de pluie de courte durée
                                        
                 Gumbel - Method of moments/Méthode des moments
                                        
                                   2022/10/31
                                        
================================================================================
 
 LETHBRIDGE CDA                                         AB        3033890       
 (composite)         
 Latitude:  49 42'N    Longitude: 112 46'W   Elevation/Altitude: 910        m
 
 Years/Années :  1960 - 2021          # Years/Années :     51   
 
================================================================================
 
********************************************************************************
 
Table 1 : Annual Maximum (mm)/Maximum annuel (mm)
 
********************************************************************************
 
          Year  5 min 10 min 15 min 30 min    1 h    2 h    6 h   12 h   24 h
         Année
          1960    5.8    8.4   10.4   10.4   10.4   11.9   14.0   16.3   21.3
          1961    5.6    9.4   10.9   11.2   11.2   18.0   31.2   31.2   31.2
          1962    3.8    6.1    7.6    8.4    9.7   10.7   17.0   23.6   30.5
          1963   10.9   21.6   26.2   33.0   35.1   36.1   36.6   66.8   96.8
          1964    3.6    6.6    7.4   11.4   19.0   26.9   36.6   38.9   40.4
          1965    2.3    3.3    4.1    6.1    8.1   14.0   30.2   37.3   54.6
          1966   10.7   17.5   17.5   17.8   27.9   33.5   45.5   52.8   54.9
          1967    5.6    8.6    9.9   12.7   13.5   14.0   19.3   21.1   29.7
          1968   11.4   15.5   15.7   15.7   15.7   17.8   24.9   34.8   55.6
          1969    3.0    5.8    6.1    6.3    6.9   11.7   22.9   32.5   37.1
          1970    2.3    3.6    3.8    4.8    7.9   11.7   28.2   43.7   51.8
          1971    6.1    9.1   10.9   10.9   10.9   10.9   17.0   30.7   34.3
          1972    4.1    5.6    6.6    8.1    9.1   11.9   17.0   28.4   33.3
          1973    4.8    7.4    9.9   19.8   30.2   32.8   33.0   33.0   34.3
          1974    6.6    8.9   11.2   12.7   13.7   16.8   31.0   47.0   60.2
          1975   12.7   20.3   24.9   29.5   29.5   29.5   29.5   31.2   43.9
          1976    3.0    4.6    6.3    6.9   10.2   17.5   29.2   36.6   40.1
          1977    6.6   12.2   14.2   15.7   20.6   21.3   21.6   21.8   21.8
          1978    4.8    9.6   14.0   23.8   34.2   43.8   48.0   76.4   77.7
          1979    5.1    8.2   12.4   23.3   34.9   44.7   59.9   60.1   60.1
          1980    3.3    5.5    7.9   13.1   15.9   21.2   50.2   65.4   85.7
          1981    3.6    6.8    9.6   11.6   11.6   11.8   22.5   38.8   66.6
          1982   25.8   36.4   46.0   62.5   63.3   63.5   63.5   63.5   63.5
          1983  -99.9  -99.9  -99.9  -99.9   11.5   17.8   20.0   20.0   20.7
          1984    2.7    3.1    3.5    3.9    5.9   11.4   26.1   37.8   38.2
          1985    4.0    7.9   10.3   18.2   22.4   36.0   46.0   62.6   69.0
          1986    5.0    9.2   12.2   14.2   14.6   14.7   14.7   21.9   34.1
          1987    6.8   11.9   17.8   25.2   26.9   31.3   37.5   42.0   46.4
          1988    7.1   10.1   10.9   11.8   12.0   14.4   24.0   27.2   29.3
          1989    9.4   17.7   24.0   30.2   30.4   30.4   30.4   30.4   30.4
          1990    4.4    4.8    5.7    9.3   10.9   16.2   23.4   32.6   33.0
          1991    6.6   13.2   18.3   18.3   24.8   28.2   39.8   55.2   73.5
          1992    1.6    1.8    2.1    3.1    5.6    9.9   21.2   29.3   36.1
          1993    8.1   14.0   17.0   24.5   29.9   48.8   84.6   87.1   90.8
          1994    3.6    5.9    7.8    8.4    9.6   15.8   17.5   24.5   27.9
          2005    2.6    2.8    3.0    4.2    6.6   12.2   31.8   54.8   93.2
          2006    3.4    4.0    5.0    7.6    9.2   11.8   17.6   25.6   39.4
          2007    4.2    5.4    6.4    7.6    7.8   10.0   15.8   22.0   22.0
          2008    5.4    9.0   13.4   19.6   28.0   34.6   42.2   42.2   42.4
          2009    5.6   10.6   12.6   20.2   24.2   24.2   24.2   34.6   37.8
          2010    5.2    8.0    9.6   13.6   18.4   22.6   42.0   56.8   75.8
          2011   11.6   16.4   19.6   22.6   22.6   22.6   40.0   55.2   66.6
          2012    6.8   10.6   12.2   24.0   24.0   24.0   34.0   34.2   36.0
          2013    9.8   15.8   19.6   28.4   29.6   31.0   58.2   66.4   67.8
          2014    4.2    6.4    7.0    7.4   12.0   21.8   42.0   61.0   88.0
          2015    1.8    3.2    4.4    8.8   14.4   14.4   14.4   23.8   32.6
          2016    9.0   12.6   13.8   14.2   14.2   15.0   16.0   16.8   17.4
          2017    5.2    9.8   12.4   24.8   24.8   24.8   24.8   24.8   25.8
          2018    3.0    5.6    7.4   10.8   11.4   11.4   13.4   20.2   25.6
          2019    4.6    5.6    6.0    8.0   10.8   12.0   12.4   12.4   12.4
          2020    3.2    4.6    6.0    8.8    8.8   11.4   28.2   42.4   65.0
          2021    1.0    1.6    1.8    3.0    4.6    7.0   12.6   19.0   19.4
        ---------------------------------------------------------------------
        # Yrs.     51     51     51     51     52     52     52     52     52
        Années
          Mean    5.8    9.3   11.4   15.2   17.8   21.5   30.5   38.7   46.6
       Moyenne
     Std. Dev.    4.0    6.1    7.6   10.3   11.0   11.7   14.9   17.3   22.1
    Écart-type
         Skew.   2.79   2.05   2.13   2.12   1.62   1.41   1.33   0.78   0.68
   Dissymétrie
      Kurtosis  14.68   9.66  10.41  10.59   7.32   5.25   5.44   3.05   2.61
 
          *-99.9 Indicates Missing Data/Données manquantes
 
 Warning: annual maximum amount greater than 100-yr return period amount
 Avertissement : la quantité maximale annuelle excède la quantité
                 pour une période de retour de 100 ans
          Year/Année      Duration/Durée        Data/Données          100-yr/ans
                1982               5 min                25.8                18.3
                1982              10 min                36.4                28.5
                1982              15 min                46.0                35.4
                1982              30 min                62.5                47.5
                1982               1 h                  63.3                52.1
                1982               2 h                  63.5                58.3
                1993               6 h                  84.6                77.2
 
********************************************************************************
 
Table 2a : Return Period Rainfall Amounts (mm)
           Quantité de pluie (mm) par période de retour
 
********************************************************************************
 
 Duration/Durée        2        5       10       25       50      100   #Years
                  yr/ans   yr/ans   yr/ans   yr/ans   yr/ans   yr/ans   Années
          5 min      5.2      8.7     11.0     14.0     16.2     18.3       51
         10 min      8.3     13.7     17.3     21.8     25.1     28.5       51
         15 min     10.2     16.9     21.4     27.0     31.2     35.4       51
         30 min     13.5     22.6     28.7     36.3     41.9     47.5       51
          1 h       16.0     25.7     32.1     40.2     46.2     52.1       52
          2 h       19.6     29.9     36.8     45.5     51.9     58.3       52
          6 h       28.0     41.2     49.9     60.9     69.1     77.2       52
         12 h       35.9     51.2     61.3     74.1     83.6     93.1       52
         24 h       42.9     62.5     75.4     91.7    103.9    115.9       52
 
********************************************************************************
 
Table 2b :
 
 Return Period Rainfall Rates (mm/h) - 95% Confidence limits
 Intensité de la pluie (mm/h) par période de retour - Limites de confiance de 95%
 
********************************************************************************
 
 Duration/Durée        2        5       10       25       50      100   #Years
                  yr/ans   yr/ans   yr/ans   yr/ans   yr/ans   yr/ans   Années
          5 min     62.1    104.4    132.3    167.7    193.9    219.9       51
                +/- 12.0 +/- 20.3 +/- 27.4 +/- 36.9 +/- 44.2 +/- 51.5       51
         10 min     49.6     82.0    103.5    130.7    150.8    170.8       51
                +/-  9.3 +/- 15.6 +/- 21.1 +/- 28.4 +/- 34.0 +/- 39.6       51
         15 min     40.7     67.7     85.5    108.1    124.8    141.4       51
                +/-  7.7 +/- 12.9 +/- 17.5 +/- 23.6 +/- 28.2 +/- 32.8       51
         30 min     27.1     45.3     57.3     72.6     83.9     95.1       51
                +/-  5.2 +/-  8.7 +/- 11.8 +/- 15.9 +/- 19.1 +/- 22.2       51
          1 h       16.0     25.7     32.1     40.2     46.2     52.1       52
                +/-  2.7 +/-  4.6 +/-  6.2 +/-  8.4 +/- 10.0 +/- 11.7       52
          2 h        9.8     15.0     18.4     22.8     26.0     29.2       52
                +/-  1.5 +/-  2.5 +/-  3.3 +/-  4.5 +/-  5.4 +/-  6.3       52
          6 h        4.7      6.9      8.3     10.1     11.5     12.9       52
                +/-  0.6 +/-  1.0 +/-  1.4 +/-  1.9 +/-  2.3 +/-  2.6       52
         12 h        3.0      4.3      5.1      6.2      7.0      7.8       52
                +/-  0.4 +/-  0.6 +/-  0.8 +/-  1.1 +/-  1.3 +/-  1.5       52
         24 h        1.8      2.6      3.1      3.8      4.3      4.8       52
                +/-  0.2 +/-  0.4 +/-  0.5 +/-  0.7 +/-  0.8 +/-  1.0       52
 
********************************************************************************
 
Table 3 : Interpolation Equation / Équation d'interpolation: R = A*T^B
 
R = Interpolated Rainfall rate (mm/h)/Intensité interpolée de la pluie (mm/h)
RR = Rainfall rate (mm/h) / Intensité de la pluie (mm/h)
 T = Rainfall duration (h) / Durée de la pluie (h)
 
********************************************************************************
 
       Statistics/Statistiques      2      5     10     25     50    100
                               yr/ans yr/ans yr/ans yr/ans yr/ans yr/ans
      Mean of RR/Moyenne de RR   23.9   39.3   49.5   62.5   72.0   81.6
    Std. Dev. /Écart-type (RR)   22.3   37.6   47.7   60.5   70.0   79.5
        Std. Error/Erreur-type    5.7   10.5   13.7   17.9   21.0   24.1
               Coefficient (A)   15.2   24.0   29.8   37.1   42.5   47.9
         Exponent/Exposant (B) -0.650 -0.682 -0.693 -0.702 -0.707 -0.710
 Mean % Error/% erreur moyenne    6.8    7.6    7.9    8.2    8.3    8.5
