                     Environment and Climate Change Canada
                 Environnement et Changement climatique Canada
                                        
           Short Duration Rainfall Intensity-Duration-Frequency Data
          Données sur l'intensité, la durée et la fréquence des chutes
                            de pluie de courte durée
                                        
                 Gumbel - Method of moments/Méthode des moments
                                        
                                   2022/10/31
                                        
================================================================================
 
 LENNOXVILLE                                            QC        7024280       
                     
 Latitude:  45 22'N    Longitude: 71 49'W    Elevation/Altitude: 181        m
 
 Years/Années :  1960 - 2021          # Years/Années :     59   
 
================================================================================
 
********************************************************************************
 
Table 1 : Annual Maximum (mm)/Maximum annuel (mm)
 
********************************************************************************
 
          Year  5 min 10 min 15 min 30 min    1 h    2 h    6 h   12 h   24 h
         Année
          1960    9.4   16.3   19.3   22.6   23.4   33.0   43.4   54.1   58.7
          1961    7.6    8.6    9.1   13.5   17.8   27.2   34.8   34.8   37.1
          1962    4.1    6.6    9.9   10.7   14.7   16.8   22.9   43.4   65.8
          1964    7.6   11.7   13.5   19.0   24.4   42.4   48.0   48.0   48.0
          1965    8.4   13.5   14.5   23.6   33.0   37.8   38.1   38.1   38.1
          1966    7.4   11.4   16.5   17.0   20.3   30.5   37.6   43.2   49.5
          1967   18.5   19.8   23.6   32.3   37.3   38.6   38.9   40.4   44.2
          1968    5.6    7.4    8.1    9.7   11.4   11.9   22.1   25.7   36.6
          1969    9.9   16.0   21.3   24.1   26.7   31.0   41.7   41.7   48.0
          1970    7.4   12.4   16.8   24.1   26.7   30.0   30.7   31.7   33.8
          1971    5.8   10.9   14.7   17.0   19.6   22.9   40.4   56.4   59.2
          1972    5.3    8.9   10.9   18.0   20.8   21.1   30.5   31.2   35.6
          1973    6.9   11.4   14.0   14.0   17.8   26.7   33.0   37.8   45.5
          1974    8.4   14.5   16.3   17.8   23.9   30.2   40.6   40.6   55.1
          1975    7.1   11.2   14.0   18.5   25.7   45.2   55.1   58.7   58.9
          1976    9.1   15.5   20.1   21.8   22.4   24.4   56.6   63.5   69.8
          1977    5.1    7.6    9.4   11.4   14.2   16.5   21.3   34.5   34.5
          1978    4.6    7.5    8.2   12.7   15.5   20.4   27.4   45.0   45.4
          1979    6.5   10.5   15.7   23.1   26.7   34.6   35.3   37.4   45.6
          1980    5.8    9.5   12.3   15.5   22.6   26.0   34.2   35.0   45.7
          1981  -99.9  -99.9  -99.9  -99.9   14.1   16.9   26.4   30.6   42.6
          1982    4.2    6.8   10.8   16.1   20.9   26.2   36.2   41.9   46.5
          1983    6.4    7.4   10.1   13.0   15.8   20.5   29.2   32.6   32.6
          1984    9.5   16.7   20.7   23.2   36.8   53.7   81.5   93.7   95.0
          1985   10.5   12.0   13.4   14.9   15.0   20.0   34.9   35.0   35.0
          1986    4.2    7.5    9.9   15.4   24.4   39.2   46.3   50.9   57.0
          1987   10.4   17.5   23.5   30.2   31.8   35.9   41.9   45.2   46.6
          1988    5.7   10.6   13.6   18.9   30.1   42.0   68.6   68.6   69.4
          1989    3.4    6.6    7.4   10.0   14.1   16.2   21.9   27.8   37.0
          1990    6.7    9.3   12.4   15.1   23.3   35.3   36.8   42.8   49.0
          1991    8.3   12.3   17.8   19.4   20.4   21.8   23.0   38.6   46.5
          1992   12.3   17.8   22.5   33.7   42.3   46.5   50.6   55.8   60.2
          1993    9.6   15.6   17.3   27.5   33.3   45.8   46.1   46.1   53.4
          1994    6.3   10.6   14.5   23.2   29.4   29.5   29.6   33.5   41.5
          1995    6.4    9.6   12.2   19.5   27.6   38.6   38.8   41.0   45.0
          1996    8.0   11.6   14.8   20.4   24.4   31.6   34.8   45.0   57.4
          1997    4.6    9.0   12.6   19.2   22.6   24.4   43.4   63.2   74.6
          1998   10.2   14.8   17.0   27.4   34.4   37.2   38.0   59.0   84.8
          1999    8.2   13.6   17.6   21.8   23.6   35.6   44.8   68.6   96.2
          2000    6.2    6.4    8.4   10.0   13.4   14.6   27.6   38.2   38.2
          2001    7.0    8.4    9.2    9.8   15.0   15.8   31.6   45.0   45.4
          2002    5.2    8.4   10.2   13.0   15.2   21.0   31.6   38.6   39.0
          2003    5.4   10.0   13.6   18.6   22.6   27.8   35.4   57.0   62.8
          2004    8.6   11.2   11.4   11.6   12.8   15.0   22.2   26.2   26.4
          2005    8.8   13.6   16.0   17.2   20.6   24.2   38.6   42.8   67.4
          2006   11.4   16.6   18.0   19.4   26.8   27.0   36.8   53.4   75.8
          2007   11.0   13.4   14.0   20.6   25.2   34.4   35.6   51.4   67.6
          2008   10.2   11.6   12.4   15.0   21.2   32.4   56.2   71.2   76.4
          2009    9.4   15.2   17.6   20.6   21.6   21.6   32.2   38.4   49.0
          2010    7.2    9.8   13.2   17.4   23.0   28.6   36.8   55.4   71.2
          2011    6.4   10.8   14.6   23.0   25.2   25.6   46.8   75.4   83.0
          2012    6.8    9.2   12.2   17.0   19.2   19.6   31.8   35.4   35.6
          2014    7.0   11.6   13.2   14.2   19.0   21.0   29.2   30.6   33.0
          2015    6.6   10.2   11.6   12.8   16.6   18.8   25.2   30.4   48.6
          2016    8.6   10.6   13.8   20.4   28.8   28.8   37.0   40.0   50.6
          2017    6.2    8.2    9.0    9.6   10.8   13.4   21.2   24.0   27.2
          2018    8.4   14.0   18.0   33.0   44.8   55.6   62.2   64.6   64.8
          2019    7.0   12.0   13.6   23.0   30.0   30.4   45.2   73.8   80.2
          2020    4.4    6.8    8.8    9.8   10.4   16.2   24.8   39.6   53.2
          2021   10.2   14.0   15.6   21.2   26.0   29.8   47.2   47.2   47.4
        ---------------------------------------------------------------------
        # Yrs.     59     59     59     59     60     60     60     60     60
        Années
          Mean    7.6   11.4   14.1   18.5   23.0   28.4   37.7   45.7   52.8
       Moyenne
     Std. Dev.    2.5    3.3    4.0    6.0    7.5   10.0   11.8   14.1   16.4
    Écart-type
         Skew.   1.45   0.47   0.50   0.59   0.67   0.61   1.25   1.04   0.77
   Dissymétrie
      Kurtosis   7.89   2.66   2.93   3.26   3.59   3.16   5.66   4.22   3.19
 
          *-99.9 Indicates Missing Data/Données manquantes
 
 Warning: annual maximum amount greater than 100-yr return period amount
 Avertissement : la quantité maximale annuelle excède la quantité
                 pour une période de retour de 100 ans
          Year/Année      Duration/Durée        Data/Données          100-yr/ans
                1967               5 min                18.5                15.4
                1984               6 h                  81.5                74.6
                1984              12 h                  93.7                90.0
 
********************************************************************************
 
Table 2a : Return Period Rainfall Amounts (mm)
           Quantité de pluie (mm) par période de retour
 
********************************************************************************
 
 Duration/Durée        2        5       10       25       50      100   #Years
                  yr/ans   yr/ans   yr/ans   yr/ans   yr/ans   yr/ans   Années
          5 min      7.2      9.4     10.9     12.7     14.1     15.4       59
         10 min     10.9     13.7     15.7     18.1     19.9     21.6       59
         15 min     13.4     16.9     19.3     22.2     24.4     26.6       59
         30 min     17.5     22.8     26.3     30.7     34.0     37.2       59
          1 h       21.7     28.4     32.8     38.4     42.5     46.6       60
          2 h       26.8     35.6     41.5     48.9     54.4     59.9       60
          6 h       35.7     46.2     53.0     61.8     68.2     74.6       60
         12 h       43.3     55.8     64.1     74.6     82.3     90.0       60
         24 h       50.1     64.6     74.2     86.4     95.4    104.3       60
 
********************************************************************************
 
Table 2b :
 
 Return Period Rainfall Rates (mm/h) - 95% Confidence limits
 Intensité de la pluie (mm/h) par période de retour - Limites de confiance de 95%
 
********************************************************************************
 
 Duration/Durée        2        5       10       25       50      100   #Years
                  yr/ans   yr/ans   yr/ans   yr/ans   yr/ans   yr/ans   Années
          5 min     86.1    112.6    130.2    152.5    169.0    185.4       59
                +/-  7.0 +/- 11.9 +/- 16.0 +/- 21.6 +/- 25.9 +/- 30.1       59
         10 min     65.2     82.5     93.9    108.4    119.1    129.8       59
                +/-  4.6 +/-  7.7 +/- 10.4 +/- 14.1 +/- 16.8 +/- 19.6       59
         15 min     53.7     67.8     77.1     88.9     97.6    106.3       59
                +/-  3.7 +/-  6.3 +/-  8.5 +/- 11.4 +/- 13.7 +/- 15.9       59
         30 min     35.1     45.6     52.6     61.4     67.9     74.4       59
                +/-  2.8 +/-  4.7 +/-  6.4 +/-  8.6 +/- 10.3 +/- 11.9       59
          1 h       21.7     28.4     32.8     38.4     42.5     46.6       60
                +/-  1.8 +/-  2.9 +/-  4.0 +/-  5.4 +/-  6.4 +/-  7.5       60
          2 h       13.4     17.8     20.7     24.5     27.2     29.9       60
                +/-  1.2 +/-  2.0 +/-  2.6 +/-  3.6 +/-  4.3 +/-  5.0       60
          6 h        6.0      7.7      8.8     10.3     11.4     12.4       60
                +/-  0.5 +/-  0.8 +/-  1.0 +/-  1.4 +/-  1.7 +/-  1.9       60
         12 h        3.6      4.7      5.3      6.2      6.9      7.5       60
                +/-  0.3 +/-  0.5 +/-  0.6 +/-  0.8 +/-  1.0 +/-  1.2       60
         24 h        2.1      2.7      3.1      3.6      4.0      4.3       60
                +/-  0.2 +/-  0.3 +/-  0.4 +/-  0.5 +/-  0.6 +/-  0.7       60
 
********************************************************************************
 
Table 3 : Interpolation Equation / Équation d'interpolation: R = A*T^B
 
R = Interpolated Rainfall rate (mm/h)/Intensité interpolée de la pluie (mm/h)
RR = Rainfall rate (mm/h) / Intensité de la pluie (mm/h)
 T = Rainfall duration (h) / Durée de la pluie (h)
 
********************************************************************************
 
       Statistics/Statistiques      2      5     10     25     50    100
                               yr/ans yr/ans yr/ans yr/ans yr/ans yr/ans
      Mean of RR/Moyenne de RR   31.9   41.1   47.2   54.9   60.6   66.3
    Std. Dev. /Écart-type (RR)   30.3   39.0   44.8   52.2   57.6   63.0
        Std. Error/Erreur-type    7.5    9.1   10.2   11.5   12.6   13.6
               Coefficient (A)   19.8   25.6   29.4   34.2   37.8   41.4
         Exponent/Exposant (B) -0.673 -0.672 -0.671 -0.671 -0.670 -0.670
 Mean % Error/% erreur moyenne    8.0    8.3    8.4    8.6    8.7    8.8
