                     Environment and Climate Change Canada
                 Environnement et Changement climatique Canada
                                        
           Short Duration Rainfall Intensity-Duration-Frequency Data
          Données sur l'intensité, la durée et la fréquence des chutes
                            de pluie de courte durée
                                        
                 Gumbel - Method of moments/Méthode des moments
                                        
                                   2022/10/31
                                        
================================================================================
 
 STE-CLOTILDE                                           QC        7027039       
                     
 Latitude:  45 10'N    Longitude: 73 41'W    Elevation/Altitude: 53         m
 
 Years/Années :  1969 - 2021          # Years/Années :     36   
 
================================================================================
 
********************************************************************************
 
Table 1 : Annual Maximum (mm)/Maximum annuel (mm)
 
********************************************************************************
 
          Year  5 min 10 min 15 min 30 min    1 h    2 h    6 h   12 h   24 h
         Année
          1969  -99.9  -99.9  -99.9  -99.9   16.5   21.6   32.3   48.8   55.9
          1970  -99.9  -99.9  -99.9  -99.9   16.8   21.3   33.0   40.6   49.8
          1971  -99.9  -99.9  -99.9  -99.9   22.4   35.1   35.1   35.1   45.5
          1972  -99.9  -99.9  -99.9  -99.9   30.7   40.9   43.7   52.8   58.7
          1973  -99.9  -99.9  -99.9  -99.9   30.5   35.8   40.6   49.8   52.8
          1974  -99.9  -99.9  -99.9  -99.9   41.7   56.1   69.6   72.1   72.1
          1975  -99.9  -99.9  -99.9  -99.9   20.3   24.6   30.2   41.1   59.2
          1976  -99.9  -99.9  -99.9  -99.9   27.9   52.8   53.6   53.6   55.4
          1978    6.6   10.6   11.2   11.2   11.2   14.2   25.2   31.0   40.9
          1979    6.0    8.9    8.9    9.4   16.8   28.2   48.3   54.5   56.0
          1980    8.6   13.0   17.1   18.4   19.0   19.1   20.6   20.6   31.9
          1981    9.0   12.6   12.6   21.0   27.6   28.8   31.4   40.3   58.8
          1982    4.8    6.2    9.1   11.3   18.6   26.8   53.6   67.4   67.4
          1983    6.7    9.3   13.9   20.6   24.8   25.3   37.0   39.2   39.2
          1984    3.8    5.4    6.2    8.2   11.2   13.5   23.0   27.2   30.8
          1985    6.4   10.2   13.1   22.9   32.2   43.1   52.4   52.6   52.6
          1986    7.3   14.0   17.2   21.7   29.0   41.9   49.5   51.2   64.1
          1987    9.3   16.7   21.0   27.6   31.1   50.9   51.6   52.7   53.8
          1988    6.1    9.7   12.3   15.2   18.8   20.2   26.1   28.8   40.4
          1989    7.4   14.4   17.5   19.4   19.7   19.7   21.7   23.2   33.2
          1990    7.0    8.6    9.6   10.0   18.4   28.0   46.0   62.4   72.4
          1998   13.2   15.2   19.0   19.4   19.4   21.2   31.2   33.8   42.8
          1999    9.8   16.8   22.2   25.4   25.8   25.8   35.4   53.8   72.6
          2000    5.2    6.2    6.8   11.0   15.2   19.8   22.8   33.0   33.2
          2001    6.6   10.8   12.8   22.4   38.2   50.4   50.8   58.2   64.6
          2002   10.0   10.8   13.2   14.8   16.4   27.2   37.8   52.0   81.8
          2003   12.4   16.6   19.0   25.2   25.8   25.8   39.8   53.8   60.4
          2004   10.6   16.6   17.2   18.4   21.4   26.6   43.0   48.0   54.4
          2005    7.4   10.8   13.4   14.2   25.4   29.0   42.8   58.6   60.2
          2006   10.8   16.2   18.0   19.0   20.0   28.0   32.4   41.8   56.8
          2007    6.2    8.4    9.2   14.4   19.6   23.6   30.2   30.8   32.8
          2008    7.4   10.2   12.6   13.6   16.6   21.4   40.6   51.2   61.6
          2009    6.2    9.6   10.8   11.2   12.6   17.8   20.6   26.0   29.8
          2010   10.4   14.4   19.2   20.0   21.8   25.4   38.8   54.4   66.6
          2011    9.2   13.6   15.6   20.0   25.6   29.2   47.2   64.4   66.6
          2012   11.2   14.2   14.8   21.6   30.2   34.0   43.8   43.8   43.8
          2013    8.6    8.8   11.6   14.8   18.2   21.8   23.8   43.8   56.8
          2014    7.8   12.2   15.2   17.0   21.8   24.6   32.4   41.6   41.6
          2015    8.4   13.4   15.0   16.0   17.0   29.8   30.0   38.8   42.6
          2016    8.6   11.4   14.0   17.2   20.2   26.2   37.4   60.8   80.2
          2017   10.4   12.0   12.0   12.0   12.0   14.0   27.6   30.4   35.6
          2018   10.0   14.4   16.0   22.6   28.0   35.2   42.4   63.2   69.2
          2020    6.2    8.2    8.8   10.2   15.6   21.6   33.8   47.8   47.8
          2021    7.6   10.0   12.4   17.2   21.2   23.4   33.8   36.0   41.8
        ---------------------------------------------------------------------
        # Yrs.     36     36     36     36     44     44     44     44     44
        Années
          Mean    8.1   11.7   13.8   17.1   22.1   28.4   37.3   45.7   53.1
       Moyenne
     Std. Dev.    2.2    3.2    3.9    5.0    6.9   10.3   10.7   12.6   13.8
    Écart-type
         Skew.   0.33  -0.03   0.11   0.07   0.74   1.15   0.57  -0.07   0.07
   Dissymétrie
      Kurtosis   2.92   2.41   2.73   2.37   3.62   4.05   3.56   2.46   2.37
 
          *-99.9 Indicates Missing Data/Données manquantes
 
 
********************************************************************************
 
Table 2a : Return Period Rainfall Amounts (mm)
           Quantité de pluie (mm) par période de retour
 
********************************************************************************
 
 Duration/Durée        2        5       10       25       50      100   #Years
                  yr/ans   yr/ans   yr/ans   yr/ans   yr/ans   yr/ans   Années
          5 min      7.8      9.7     11.0     12.5     13.7     14.9       36
         10 min     11.2     13.9     15.8     18.1     19.9     21.6       36
         15 min     13.2     16.7     18.9     21.8     24.0     26.1       36
         30 min     16.2     20.7     23.6     27.4     30.1     32.9       36
          1 h       21.0     27.1     31.1     36.2     39.9     43.7       44
          2 h       26.7     35.8     41.8     49.4     55.0     60.6       44
          6 h       35.6     45.1     51.3     59.3     65.2     71.0       44
         12 h       43.6     54.8     62.1     71.4     78.4     85.2       44
         24 h       50.8     63.0     71.1     81.4     89.0     96.5       44
 
********************************************************************************
 
Table 2b :
 
 Return Period Rainfall Rates (mm/h) - 95% Confidence limits
 Intensité de la pluie (mm/h) par période de retour - Limites de confiance de 95%
 
********************************************************************************
 
 Duration/Durée        2        5       10       25       50      100   #Years
                  yr/ans   yr/ans   yr/ans   yr/ans   yr/ans   yr/ans   Années
          5 min     93.5    116.3    131.5    150.6    164.8    178.9       36
                +/-  7.8 +/- 13.1 +/- 17.6 +/- 23.8 +/- 28.5 +/- 33.2       36
         10 min     67.0     83.7     94.8    108.8    119.2    129.5       36
                +/-  5.7 +/-  9.6 +/- 12.9 +/- 17.4 +/- 20.8 +/- 24.3       36
         15 min     52.8     66.6     75.8     87.3     95.9    104.4       36
                +/-  4.7 +/-  7.9 +/- 10.6 +/- 14.4 +/- 17.2 +/- 20.0       36
         30 min     32.5     41.4     47.3     54.7     60.2     65.7       36
                +/-  3.0 +/-  5.1 +/-  6.9 +/-  9.3 +/- 11.1 +/- 12.9       36
          1 h       21.0     27.1     31.1     36.2     39.9     43.7       44
                +/-  1.9 +/-  3.1 +/-  4.2 +/-  5.7 +/-  6.8 +/-  8.0       44
          2 h       13.4     17.9     20.9     24.7     27.5     30.3       44
                +/-  1.4 +/-  2.3 +/-  3.2 +/-  4.3 +/-  5.1 +/-  6.0       44
          6 h        5.9      7.5      8.6      9.9     10.9     11.8       44
                +/-  0.5 +/-  0.8 +/-  1.1 +/-  1.5 +/-  1.8 +/-  2.1       44
         12 h        3.6      4.6      5.2      6.0      6.5      7.1       44
                +/-  0.3 +/-  0.5 +/-  0.6 +/-  0.9 +/-  1.0 +/-  1.2       44
         24 h        2.1      2.6      3.0      3.4      3.7      4.0       44
                +/-  0.2 +/-  0.3 +/-  0.4 +/-  0.5 +/-  0.6 +/-  0.7       44
 
********************************************************************************
 
Table 3 : Interpolation Equation / Équation d'interpolation: R = A*T^B
 
R = Interpolated Rainfall rate (mm/h)/Intensité interpolée de la pluie (mm/h)
RR = Rainfall rate (mm/h) / Intensité de la pluie (mm/h)
 T = Rainfall duration (h) / Durée de la pluie (h)
 
********************************************************************************
 
       Statistics/Statistiques      2      5     10     25     50    100
                               yr/ans yr/ans yr/ans yr/ans yr/ans yr/ans
      Mean of RR/Moyenne de RR   32.4   40.9   46.4   53.5   58.7   63.9
    Std. Dev. /Écart-type (RR)   32.2   40.0   45.2   51.8   56.6   61.5
        Std. Error/Erreur-type    5.0    7.1    8.5   10.3   11.7   13.0
               Coefficient (A)   19.8   25.1   28.6   33.0   36.3   39.6
         Exponent/Exposant (B) -0.677 -0.676 -0.676 -0.676 -0.676 -0.676
 Mean % Error/% erreur moyenne    5.0    6.4    7.0    7.7    8.0    8.3
