                     Environment and Climate Change Canada
                 Environnement et Changement climatique Canada
                                        
           Short Duration Rainfall Intensity-Duration-Frequency Data
          Données sur l'intensité, la durée et la fréquence des chutes
                            de pluie de courte durée
                                        
                 Gumbel - Method of moments/Méthode des moments
                                        
                                   2022/10/31
                                        
================================================================================
 
 L'ASSOMPTION                                           QC        7014160       
                     
 Latitude:  45 49'N    Longitude: 73 26'W    Elevation/Altitude: 21         m
 
 Years/Années :  1963 - 2021          # Years/Années :     59   
 
================================================================================
 
********************************************************************************
 
Table 1 : Annual Maximum (mm)/Maximum annuel (mm)
 
********************************************************************************
 
          Year  5 min 10 min 15 min 30 min    1 h    2 h    6 h   12 h   24 h
         Année
          1963    5.8    8.6   10.2   13.7   17.0   25.1   57.4   67.6   67.6
          1964   10.4   16.5   19.6   20.6   20.6   20.6   28.2   37.6   46.0
          1965    8.4   11.4   13.7   14.7   15.7   16.8   26.2   39.6   41.1
          1966    5.3   10.2   12.4   17.8   23.9   38.9   40.6   51.8   51.8
          1967    7.4   12.7   13.0   13.0   13.0   13.7   18.8   31.0   31.5
          1968   11.4   14.2   14.5   14.5   16.3   18.3   35.1   42.9   43.2
          1969    9.9   12.4   16.0   18.8   19.0   22.6   29.7   37.1   40.4
          1970    8.1   10.7   12.4   15.7   31.2   36.8   37.3   39.1   57.1
          1971    7.9   10.9   12.2   12.4   12.4   14.7   20.6   24.9   34.8
          1972    7.1    9.4   10.9   13.5   18.3   29.7   44.7   45.0   49.5
          1973    8.6   12.4   14.0   17.3   21.1   25.7   40.4   50.0   59.9
          1974   12.7   13.7   14.2   18.5   24.6   28.7   40.9   41.1   45.2
          1975    6.1   10.4   11.4   15.0   15.5   18.8   36.1   59.9   71.9
          1976   10.9   15.7   18.8   22.6   25.9   28.4   36.8   40.9   50.3
          1977    9.4   13.5   16.0   19.0   23.4   29.7   38.1   60.7   72.1
          1978    8.2   10.2   12.9   20.2   28.4   50.2   68.2   98.3  111.6
          1979   10.1   13.3   19.0   25.7   35.7   40.9   68.4   89.8   90.2
          1980    6.7    9.5   13.4   18.1   29.6   42.4   43.2   43.3   44.7
          1981   11.2   12.2   12.6   12.8   16.4   21.4   45.5   47.9   47.9
          1982    5.3    8.8   11.5   13.4   16.2   29.3   35.6   35.6   35.8
          1983   15.8   19.3   21.2   21.4   21.5   22.3   29.3   33.4   42.8
          1984    5.1    8.5   10.1   11.3   14.9   20.9   26.6   36.0   37.0
          1985    6.7    9.8   10.8   11.8   17.3   18.2   33.5   53.5   61.4
          1986    5.0    9.7   12.3   19.7   22.7   23.2   24.9   26.3   44.2
          1987    6.0   10.3   15.0   19.7   19.9   25.4   41.5   42.3   47.0
          1988    5.6    7.8    8.6    9.8   12.4   17.2   36.3   36.5   51.2
          1989    2.9    5.7    6.9    8.2   12.4   16.7   25.4   35.8   54.2
          1990    9.1   13.3   17.5   26.2   37.8   51.7   54.4   58.6   59.2
          1991    5.1   10.0   13.4   16.0   16.6   18.0   33.2   33.4   39.4
          1992    8.0   11.3   13.2   14.0   15.0   23.4   35.0   36.8   41.6
          1993   12.5   16.5   17.6   24.7   27.2   28.8   30.3   32.9   42.4
          1994   13.0   19.0   20.8   22.1   24.6   32.4   46.6   48.5   49.2
          1995    5.4    7.8    9.4   11.2   13.0   15.0   29.0   35.8   42.8
          1996   12.8   15.4   16.0   17.6   18.4   22.4   46.0   72.6  109.4
          1997    4.6    7.2    8.8   11.6   16.8   19.4   23.0   27.2   38.6
          1998    8.6   14.4   18.8   27.2   51.0   55.0   64.8   66.6   67.8
          1999    5.8    9.2   10.4   13.0   14.0   21.4   35.6   49.0   64.0
          2000    3.8    6.0    7.0   10.4   12.4   21.6   27.8   29.0   33.0
          2001    6.4    8.0    8.4   11.6   17.8   27.0   28.4   28.8   30.6
          2002    7.8   12.6   15.6   24.4   29.4   36.8   42.4   43.2   44.0
          2003    6.6   10.0   11.6   12.8   15.0   19.8   31.2   40.0   53.2
          2004    9.2   13.0   14.4   16.0   22.0   32.6   60.2   78.8   86.6
          2005   12.0   18.0   22.6   24.4   30.6   36.0   67.0   77.0   77.0
          2006   13.2   21.6   28.2   49.4   64.2   71.0   82.8   84.6  106.0
          2007    9.2   13.6   17.2   19.4   23.6   28.4   42.0   43.8   43.8
          2008    7.8   14.2   19.6   25.6   33.4   34.2   37.0   41.2   41.2
          2009    8.0   10.6   14.6   17.0   17.6   18.2   32.6   47.2   54.0
          2010   12.2   20.0   22.8   29.0   30.6   34.8   53.4   69.0   75.4
          2011   18.2   31.0   33.8   35.4   35.4   35.4   41.8   42.0   62.6
          2012   13.6   22.6   27.8   37.8   42.6   69.8   80.4   83.8   87.0
          2013    9.4   15.4   23.0   29.6   30.0   30.4   30.4   30.4   57.8
          2014   11.0   18.8   23.0   24.2   28.6   31.8   51.0   70.2   71.6
          2015    9.2   12.6   15.6   24.0   27.8   34.2   38.2   39.4   49.6
          2016    7.8   14.4   19.0   24.8   28.2   32.2   52.2   78.2   79.4
          2017    6.2   10.4   14.4   23.6   26.4   26.6   26.6   30.6   45.2
          2018   13.0   13.6   13.8   17.2   26.6   32.0   45.0   45.6   53.2
          2019   10.6   15.2   18.4   20.6   21.6   23.8   32.2   45.6   50.4
          2020    6.0    9.6   11.8   13.4   16.2   23.0   28.6   42.2   61.2
          2021    6.8    7.6    8.6   13.4   17.6   22.6   30.0   30.6   40.4
        ---------------------------------------------------------------------
        # Yrs.     59     59     59     59     59     59     59     59     59
        Années
          Mean    8.7   12.7   15.3   19.1   23.3   28.9   40.1   48.0   55.7
       Moyenne
     Std. Dev.    3.1    4.5    5.4    7.5    9.8   12.0   14.2   17.7   18.9
    Écart-type
         Skew.   0.68   1.45   1.10   1.54   1.78   1.70   1.19   1.10   1.30
   Dissymétrie
      Kurtosis   3.46   6.67   4.75   6.89   7.81   6.62   4.30   3.51   4.50
 
          *-99.9 Indicates Missing Data/Données manquantes
 
 Warning: annual maximum amount greater than 100-yr return period amount
 Avertissement : la quantité maximale annuelle excède la quantité
                 pour une période de retour de 100 ans
          Year/Année      Duration/Durée        Data/Données          100-yr/ans
                2006              30 min                49.4                42.5
                2006               1 h                  64.2                53.9
                2006               2 h                  71.0                66.5
                2011              10 min                31.0                26.9
                2011              15 min                33.8                32.1
                2012               2 h                  69.8                66.5
 
********************************************************************************
 
Table 2a : Return Period Rainfall Amounts (mm)
           Quantité de pluie (mm) par période de retour
 
********************************************************************************
 
 Duration/Durée        2        5       10       25       50      100   #Years
                  yr/ans   yr/ans   yr/ans   yr/ans   yr/ans   yr/ans   Années
          5 min      8.1     10.9     12.7     15.0     16.7     18.4       59
         10 min     12.0     16.0     18.6     21.9     24.4     26.9       59
         15 min     14.4     19.1     22.3     26.2     29.2     32.1       59
         30 min     17.9     24.5     28.8     34.3     38.4     42.5       59
          1 h       21.7     30.4     36.1     43.3     48.6     53.9       59
          2 h       27.0     37.5     44.5     53.4     60.0     66.5       59
          6 h       37.8     50.4     58.7     69.1     76.9     84.6       59
         12 h       45.1     60.7     71.0     84.1     93.7    103.4       59
         24 h       52.6     69.4     80.4     94.4    104.8    115.1       59
 
********************************************************************************
 
Table 2b :
 
 Return Period Rainfall Rates (mm/h) - 95% Confidence limits
 Intensité de la pluie (mm/h) par période de retour - Limites de confiance de 95%
 
********************************************************************************
 
 Duration/Durée        2        5       10       25       50      100   #Years
                  yr/ans   yr/ans   yr/ans   yr/ans   yr/ans   yr/ans   Années
          5 min     97.8    130.7    152.6    180.1    200.6    220.9       59
                +/-  8.7 +/- 14.7 +/- 19.9 +/- 26.8 +/- 32.1 +/- 37.3       59
         10 min     71.9     95.8    111.6    131.6    146.4    161.1       59
                +/-  6.3 +/- 10.7 +/- 14.4 +/- 19.4 +/- 23.2 +/- 27.1       59
         15 min     57.5     76.5     89.1    105.0    116.8    128.5       59
                +/-  5.0 +/-  8.5 +/- 11.4 +/- 15.4 +/- 18.5 +/- 21.5       59
         30 min     35.7     48.9     57.7     68.7     76.9     85.0       59
                +/-  3.5 +/-  5.9 +/-  7.9 +/- 10.7 +/- 12.8 +/- 14.9       59
          1 h       21.7     30.4     36.1     43.3     48.6     53.9       59
                +/-  2.3 +/-  3.8 +/-  5.2 +/-  7.0 +/-  8.4 +/-  9.8       59
          2 h       13.5     18.8     22.3     26.7     30.0     33.2       59
                +/-  1.4 +/-  2.4 +/-  3.2 +/-  4.3 +/-  5.1 +/-  6.0       59
          6 h        6.3      8.4      9.8     11.5     12.8     14.1       59
                +/-  0.6 +/-  0.9 +/-  1.3 +/-  1.7 +/-  2.0 +/-  2.4       59
         12 h        3.8      5.1      5.9      7.0      7.8      8.6       59
                +/-  0.3 +/-  0.6 +/-  0.8 +/-  1.1 +/-  1.3 +/-  1.5       59
         24 h        2.2      2.9      3.4      3.9      4.4      4.8       59
                +/-  0.2 +/-  0.3 +/-  0.4 +/-  0.6 +/-  0.7 +/-  0.8       59
 
********************************************************************************
 
Table 3 : Interpolation Equation / Équation d'interpolation: R = A*T^B
 
R = Interpolated Rainfall rate (mm/h)/Intensité interpolée de la pluie (mm/h)
RR = Rainfall rate (mm/h) / Intensité de la pluie (mm/h)
 T = Rainfall duration (h) / Durée de la pluie (h)
 
********************************************************************************
 
       Statistics/Statistiques      2      5     10     25     50    100
                               yr/ans yr/ans yr/ans yr/ans yr/ans yr/ans
      Mean of RR/Moyenne de RR   34.5   46.4   54.3   64.2   71.6   78.9
    Std. Dev. /Écart-type (RR)   34.1   45.5   53.0   62.4   69.5   76.4
        Std. Error/Erreur-type    6.4    9.2   11.0   13.4   15.2   17.0
               Coefficient (A)   20.9   28.2   33.0   39.1   43.6   48.1
         Exponent/Exposant (B) -0.684 -0.684 -0.685 -0.685 -0.685 -0.685
 Mean % Error/% erreur moyenne    5.7    6.5    6.9    7.4    7.6    7.8
