                     Environment and Climate Change Canada
                 Environnement et Changement climatique Canada
                                        
           Short Duration Rainfall Intensity-Duration-Frequency Data
          Données sur l'intensité, la durée et la fréquence des chutes
                            de pluie de courte durée
                                        
                 Gumbel - Method of moments/Méthode des moments
                                        
                                   2022/10/31
                                        
================================================================================
 
 LA POCATIERE                                           QC        7054096       
                     
 Latitude:  47 22'N    Longitude: 70 2'W     Elevation/Altitude: 31         m
 
 Years/Années :  1962 - 2021          # Years/Années :     53   
 
================================================================================
 
********************************************************************************
 
Table 1 : Annual Maximum (mm)/Maximum annuel (mm)
 
********************************************************************************
 
          Year  5 min 10 min 15 min 30 min    1 h    2 h    6 h   12 h   24 h
         Année
          1962    3.8    6.6    9.4   16.5   25.7   35.1   42.4   42.4   61.2
          1963    8.4   11.7   17.5   25.7   30.2   31.5   33.5   33.5   49.3
          1964   11.4   15.2   22.9   27.9   36.1   38.6   42.7   61.0   65.0
          1965    4.1    5.3    6.1    6.6   10.2   14.0   17.8   23.1   23.9
          1966    4.8    6.9    8.9    9.4   17.8   29.2   33.8   35.1   36.1
          1967   14.2   18.8   21.3   27.4   40.6   50.3   67.3   67.3   69.3
          1968    6.1    9.7   12.2   14.0   17.0   18.3   23.1   31.2   36.6
          1969    7.9    7.9    8.1   14.0   20.1   28.2   35.6   36.6   46.7
          1970    8.9   15.5   17.8   21.1   22.4   23.6   48.3   53.3   53.3
          1971    7.1    9.1   10.7   13.5   19.0   30.2   59.9   71.1   76.5
          1972    6.9    9.1    9.4   14.0   17.5   25.9   28.2   32.8   38.9
          1973    7.9    7.9    7.9   13.0   14.7   16.5   18.0   27.2   32.0
          1974   11.4   15.2   18.0   20.3   20.3   21.6   22.9   34.3   37.6
          1975    4.8    7.4    8.1   10.4   11.2   18.5   25.1   27.4   31.7
          1976    5.8    7.9   10.2   12.2   12.2   15.5   26.7   41.4   54.9
          1977    7.1    9.4   10.2   15.2   17.5   20.3   26.4   41.7   48.3
          1978    7.0    8.2    8.2    9.9   11.9   15.9   25.9   37.1   39.8
          1979    4.6    6.8    8.7   10.4   14.3   18.6   44.1   53.0   53.0
          1980    9.0   10.2   10.4   12.6   17.2   18.8   30.6   48.2   49.8
          1981    7.0   10.0   11.1   12.0   14.2   22.7   48.8   78.5  122.9
          1982    6.1    6.7    7.3    7.7    9.5   12.8   20.4   21.8   22.4
          1983    2.9    3.9    5.2    8.2   11.1   16.7   23.7   34.6   47.7
          1984    5.0    7.7    9.7   16.8   22.2   22.4   22.4   23.4   31.8
          1985  -99.9  -99.9  -99.9  -99.9   44.8   64.2   85.4   90.8   91.0
          1986    3.1    5.5    6.1    9.0   12.2   17.2   33.8   47.6   51.4
          1987    4.5    8.0   11.7   19.2   20.7   21.2   21.2   27.2   48.6
          1988    8.9   12.3   13.0   13.5   13.7   13.7   22.3   29.0   33.5
          1989    3.9    5.6    6.9    8.9   11.3   12.0  -99.9  -99.9   34.6
          1990    5.6    8.2   11.3   15.6   17.8   19.0   28.6   40.0   40.4
          1991    3.5    5.2    7.4    8.7    9.7   13.3   26.7   38.7   45.7
          1993    7.1   11.0   13.2   15.2   15.2   15.9   20.9   30.8   35.6
          1995    9.3   12.9   18.1   19.2   19.2   19.7   23.1  -99.9   35.8
          1997    5.8    8.4    8.4    8.8    9.2   12.6   24.4   36.4   43.4
          1999    5.4    9.4   13.6   22.4   25.6   26.0   35.2   35.4   41.6
          2000    7.8    7.8    7.8    7.8   13.0   22.6   33.0   42.6   53.4
          2001    9.8   12.0   12.4   13.0   13.6   16.6   23.0   34.2   35.8
          2002    3.8    5.6    7.0   10.6   13.2   17.2   28.2   31.6   48.4
          2003    5.2    7.6    8.6    8.6   11.6   13.6   28.6   45.8   50.0
          2004    6.8    9.6   11.6   16.2   21.6   27.4   34.2   45.6   59.8
          2005   16.2   20.4   20.4   20.4   20.4   20.6   48.0   58.8   67.4
          2006    7.4   11.8   12.2   18.2   19.6   19.6   43.8   59.4   68.2
          2007    7.4   10.2   12.8   24.2   41.6   60.2   63.0   91.2   98.6
          2008    5.4    6.4    7.2    8.0    9.8   13.8   21.8   35.8   62.6
          2009    8.6   10.6   11.2   11.6   14.8   17.8   23.4   30.8   41.0
          2010    7.8   10.0   10.2   11.6   13.6   15.6   22.0   27.0   35.6
          2011    8.6   14.0   17.2   24.0   24.2   24.4   39.0   63.6   71.2
          2013    7.0   11.4   13.2   14.4   17.6   21.8   22.8   28.6   38.8
          2014    5.0    6.8    8.0   10.8   11.2   13.8   17.4   23.6   26.4
          2015    7.2   11.4   13.4   13.6   20.6   27.6   28.8   29.0   30.6
          2016    4.6    6.0    7.8    9.4   12.0   18.4   28.8   34.2   56.2
          2017    7.4    9.8   10.6   12.2   15.2   19.8   26.6   32.6   42.4
          2018    5.6    9.2   11.2   14.2   17.6   22.4   40.4   43.8   45.4
          2019    9.6   16.6   20.6   29.2   42.6   53.4   60.4   62.4   63.0
          2020    9.0   16.0   18.0   22.2   22.6   23.8   26.0   29.6   37.0
          2021    5.8    6.6    7.4   10.8   17.0   19.2   26.4   26.6   39.2
        ---------------------------------------------------------------------
        # Yrs.     54     54     54     54     55     55     54     53     55
        Années
          Mean    7.0    9.7   11.4   14.6   18.6   23.1   32.9   41.7   49.1
       Moyenne
     Std. Dev.    2.6    3.6    4.3    5.8    8.6   11.3   14.0   16.5   18.6
    Écart-type
         Skew.   1.20   1.02   0.99   0.89   1.64   2.19   1.71   1.39   1.69
   Dissymétrie
      Kurtosis   5.61   3.97   3.34   3.11   5.52   8.00   6.22   4.69   7.20
 
          *-99.9 Indicates Missing Data/Données manquantes
 
 Warning: annual maximum amount greater than 100-yr return period amount
 Avertissement : la quantité maximale annuelle excède la quantité
                 pour une période de retour de 100 ans
          Year/Année      Duration/Durée        Data/Données          100-yr/ans
                1981              24 h                 122.9               107.3
                1985               2 h                  64.2                58.4
                1985               6 h                  85.4                76.8
                2005               5 min                16.2                15.1
                2007               2 h                  60.2                58.4
 
********************************************************************************
 
Table 2a : Return Period Rainfall Amounts (mm)
           Quantité de pluie (mm) par période de retour
 
********************************************************************************
 
 Duration/Durée        2        5       10       25       50      100   #Years
                  yr/ans   yr/ans   yr/ans   yr/ans   yr/ans   yr/ans   Années
          5 min      6.5      8.8     10.3     12.3     13.7     15.1       54
         10 min      9.1     12.3     14.4     17.0     19.0     20.9       54
         15 min     10.7     14.6     17.1     20.3     22.7     25.0       54
         30 min     13.7     18.8     22.2     26.4     29.6     32.8       54
          1 h       17.2     24.8     29.9     36.2     40.9     45.6       55
          2 h       21.2     31.2     37.8     46.1     52.3     58.4       55
          6 h       30.6     42.9     51.1     61.5     69.2     76.8       54
         12 h       39.0     53.6     63.2     75.5     84.5     93.5       53
         24 h       46.1     62.5     73.3     87.1     97.2    107.3       55
 
********************************************************************************
 
Table 2b :
 
 Return Period Rainfall Rates (mm/h) - 95% Confidence limits
 Intensité de la pluie (mm/h) par période de retour - Limites de confiance de 95%
 
********************************************************************************
 
 Duration/Durée        2        5       10       25       50      100   #Years
                  yr/ans   yr/ans   yr/ans   yr/ans   yr/ans   yr/ans   Années
          5 min     78.3    105.8    124.0    147.1    164.2    181.1       54
                +/-  7.6 +/- 12.8 +/- 17.3 +/- 23.4 +/- 28.0 +/- 32.6       54
         10 min     54.6     73.6     86.1    102.0    113.7    125.4       54
                +/-  5.2 +/-  8.8 +/- 11.9 +/- 16.1 +/- 19.3 +/- 22.4       54
         15 min     42.9     58.2     68.3     81.1     90.6    100.0       54
                +/-  4.2 +/-  7.1 +/-  9.6 +/- 13.0 +/- 15.5 +/- 18.1       54
         30 min     27.4     37.6     44.3     52.9     59.2     65.5       54
                +/-  2.8 +/-  4.8 +/-  6.4 +/-  8.7 +/- 10.4 +/- 12.1       54
          1 h       17.2     24.8     29.9     36.2     40.9     45.6       55
                +/-  2.1 +/-  3.5 +/-  4.7 +/-  6.4 +/-  7.7 +/-  8.9       55
          2 h       10.6     15.6     18.9     23.1     26.1     29.2       55
                +/-  1.4 +/-  2.3 +/-  3.1 +/-  4.2 +/-  5.0 +/-  5.8       55
          6 h        5.1      7.2      8.5     10.2     11.5     12.8       54
                +/-  0.6 +/-  1.0 +/-  1.3 +/-  1.8 +/-  2.1 +/-  2.4       54
         12 h        3.2      4.5      5.3      6.3      7.0      7.8       53
                +/-  0.3 +/-  0.6 +/-  0.8 +/-  1.0 +/-  1.2 +/-  1.5       53
         24 h        1.9      2.6      3.1      3.6      4.1      4.5       55
                +/-  0.2 +/-  0.3 +/-  0.4 +/-  0.6 +/-  0.7 +/-  0.8       55
 
********************************************************************************
 
Table 3 : Interpolation Equation / Équation d'interpolation: R = A*T^B
 
R = Interpolated Rainfall rate (mm/h)/Intensité interpolée de la pluie (mm/h)
RR = Rainfall rate (mm/h) / Intensité de la pluie (mm/h)
 T = Rainfall duration (h) / Durée de la pluie (h)
 
********************************************************************************
 
       Statistics/Statistiques      2      5     10     25     50    100
                               yr/ans yr/ans yr/ans yr/ans yr/ans yr/ans
      Mean of RR/Moyenne de RR   26.8   36.6   43.2   51.4   57.5   63.6
    Std. Dev. /Écart-type (RR)   26.7   35.8   41.9   49.5   55.2   60.9
        Std. Error/Erreur-type    2.9    4.6    5.7    7.1    8.2    9.3
               Coefficient (A)   16.6   23.0   27.2   32.5   36.5   40.4
         Exponent/Exposant (B) -0.661 -0.657 -0.655 -0.654 -0.653 -0.652
 Mean % Error/% erreur moyenne    3.3    4.8    5.5    6.2    6.5    6.8
