                     Environment and Climate Change Canada
                 Environnement et Changement climatique Canada
                                        
           Short Duration Rainfall Intensity-Duration-Frequency Data
          Données sur l'intensité, la durée et la fréquence des chutes
                            de pluie de courte durée
                                        
                 Gumbel - Method of moments/Méthode des moments
                                        
                                   2022/10/31
                                        
================================================================================
 
 MONT-JOLI                                              QC        7055122       
                     
 Latitude:  48 36'N    Longitude: 68 11'W    Elevation/Altitude: 55         m
 
 Years/Années :  1968 - 2021          # Years/Années :     44   
 
================================================================================
 
********************************************************************************
 
Table 1 : Annual Maximum (mm)/Maximum annuel (mm)
 
********************************************************************************
 
          Year  5 min 10 min 15 min 30 min    1 h    2 h    6 h   12 h   24 h
         Année
          1968    3.3    4.3    5.1    6.6    8.9   14.0   20.3   23.6   23.9
          1969    7.6   13.7   14.7   15.7   17.5   22.1   33.8   44.2   67.8
          1970    4.8    8.9   12.2   15.7   16.8   16.8   21.6   37.3   56.9
          1971    2.8    4.3    6.1    8.9   17.5   30.0   56.4   73.2   80.8
          1972    5.8    7.4    8.1    8.1    9.9   19.3   33.3   50.3   57.7
          1973    5.3    7.6    9.1   15.7   19.8   20.6   27.4   33.8   39.9
          1974    5.3    9.9   12.2   15.2   22.1   28.4   29.7   36.3   54.6
          1975    6.1    8.6   11.9   14.2   18.5   25.1   25.1   25.7   25.7
          1976    2.5    3.8    4.6    6.9    9.7   13.5   17.8   27.7   36.3
          1977    4.6    6.3    7.4   11.7   18.8   21.1   24.1   25.7   32.3
          1978    9.8   12.2   15.4   15.6   15.9   17.6   30.6   33.8   43.2
          1979    6.1    6.4    8.9   12.9   18.8   24.2   26.4   29.3   29.9
          1980    4.9    6.8    8.9   13.1   14.2   22.4   44.2   47.4   74.0
          1981    6.1    8.1    9.5   12.2   16.2   20.2   40.7   54.2   81.7
          1982    2.5    3.5    3.9    5.9    9.8   17.2   23.3   27.4   46.2
          1983    3.8    6.2    8.6   13.2   17.8   21.2   21.4   22.7   32.5
          1984    6.1   12.0   14.1   16.2   18.3   21.2   31.3   34.8   38.9
          1985    3.2    4.1    4.8    7.0   11.1   18.9   39.0   42.4   48.1
          1986    5.4    7.6    8.9    9.7   10.6   13.9   19.4   24.2   38.2
          1987    3.5    5.5    6.2    6.2   10.6   17.9   27.4   35.6   39.4
          1988    3.1    5.6    7.4    8.0   10.7   16.2   26.2   30.9   38.2
          1989  -99.9  -99.9  -99.9  -99.9  -99.9  -99.9  -99.9  -99.9   42.6
          1990    2.5    4.4    6.4   11.4   16.0   19.2   23.2   36.4   36.8
          1991    3.9    7.6   10.7   15.9   18.1   18.2   26.4   37.6   54.2
          1992    4.2    6.2    7.3   11.2   15.4   22.1   34.8   37.2   46.2
          1993    4.9    7.5    9.9   13.4   15.3   18.6   25.1   25.6   35.0
          1994    6.7    8.4    8.9    9.6   12.6   17.8  -99.9  -99.9   48.0
          1995    8.1   13.7   19.3   23.3   23.8   24.0   26.2   41.5   41.5
          2004    5.5    8.2   10.6   12.8   14.2   19.7   37.5   44.2   58.1
          2005    5.0   10.0   14.4   17.6   17.8   20.7   45.9   59.0   70.0
          2006    5.5    7.0    7.2    8.3   14.6   19.0   40.1   47.4   53.5
          2007    6.4    9.0    9.5   10.7   13.1   22.1   37.0   38.4   41.5
          2008    7.4   10.0   10.0   10.0   14.5   21.1   30.4   34.6   40.9
          2009    3.9    6.4    7.3    9.1   10.7   11.2   15.4   22.0   29.7
          2010    4.4    5.8    6.4    9.2   14.5   17.8   30.0   38.4   55.6
          2011    3.8    5.4    6.5   10.1   13.3   16.3   24.9   37.2   39.2
          2012    4.8    6.3    6.5    7.4    9.1   11.8   18.4   29.1   40.5
          2013    3.5    4.0    5.1    8.9   14.8   24.6   34.3   52.8   63.3
          2014    5.7    7.8    9.6   13.0   16.5   29.0   33.9   46.0   49.2
          2015    4.6    5.6    7.9   13.9   19.7   22.0   32.2   47.3   54.9
          2016    9.2   15.6   20.6   23.6   25.0   25.2   34.6   46.2   50.8
          2017    6.2   10.6   14.4   23.4   25.8   26.6   29.2   31.4   38.6
          2018    8.4   11.0   14.0   15.6   15.6   15.8   20.2   23.0   23.2
          2019    4.8    5.6    6.0    6.8    8.4   11.0   26.4   35.4   40.4
          2020    9.2   10.2   11.2   14.8   20.0   23.8   26.6   28.0   31.6
          2021   11.0   13.0   13.2   13.4   13.8   16.2   26.4   36.4   37.8
        ---------------------------------------------------------------------
        # Yrs.     45     45     45     45     45     45     44     44     46
        Années
          Mean    5.4    7.8    9.6   12.3   15.5   19.9   29.5   37.2   45.9
       Moyenne
     Std. Dev.    2.0    2.9    3.8    4.4    4.3    4.5    8.2   10.8   14.0
    Écart-type
         Skew.   0.85   0.75   0.96   0.84   0.38   0.12   0.94   0.99   0.82
   Dissymétrie
      Kurtosis   3.62   3.19   3.95   3.85   3.01   3.03   4.59   4.68   3.54
 
          *-99.9 Indicates Missing Data/Données manquantes
 
 Warning: annual maximum amount greater than 100-yr return period amount
 Avertissement : la quantité maximale annuelle excède la quantité
                 pour une période de retour de 100 ans
          Year/Année      Duration/Durée        Data/Données          100-yr/ans
                1971               6 h                  56.4                55.3
                1971              12 h                  73.2                71.0
 
********************************************************************************
 
Table 2a : Return Period Rainfall Amounts (mm)
           Quantité de pluie (mm) par période de retour
 
********************************************************************************
 
 Duration/Durée        2        5       10       25       50      100   #Years
                  yr/ans   yr/ans   yr/ans   yr/ans   yr/ans   yr/ans   Années
          5 min      5.1      6.8      8.0      9.5     10.6     11.7       45
         10 min      7.3      9.9     11.7     13.8     15.4     17.0       45
         15 min      9.0     12.3     14.5     17.3     19.4     21.4       45
         30 min     11.5     15.4     18.0     21.3     23.7     26.1       45
          1 h       14.8     18.6     21.1     24.2     26.6     28.9       45
          2 h       19.2     23.1     25.8     29.1     31.6     34.0       45
          6 h       28.2     35.4     40.2     46.3     50.8     55.3       44
         12 h       35.4     44.9     51.2     59.2     65.1     71.0       44
         24 h       43.6     55.9     64.1     74.5     82.2     89.8       46
 
********************************************************************************
 
Table 2b :
 
 Return Period Rainfall Rates (mm/h) - 95% Confidence limits
 Intensité de la pluie (mm/h) par période de retour - Limites de confiance de 95%
 
********************************************************************************
 
 Duration/Durée        2        5       10       25       50      100   #Years
                  yr/ans   yr/ans   yr/ans   yr/ans   yr/ans   yr/ans   Années
          5 min     60.6     82.0     96.2    114.1    127.4    140.5       45
                +/-  6.5 +/- 10.9 +/- 14.8 +/- 19.9 +/- 23.8 +/- 27.8       45
         10 min     44.0     59.6     70.0     83.0     92.7    102.3       45
                +/-  4.7 +/-  8.0 +/- 10.8 +/- 14.5 +/- 17.4 +/- 20.2       45
         15 min     35.8     49.2     58.0     69.2     77.5     85.7       45
                +/-  4.1 +/-  6.8 +/-  9.2 +/- 12.4 +/- 14.9 +/- 17.3       45
         30 min     23.1     30.9     36.1     42.6     47.4     52.2       45
                +/-  2.4 +/-  4.0 +/-  5.4 +/-  7.3 +/-  8.7 +/- 10.1       45
          1 h       14.8     18.6     21.1     24.2     26.6     28.9       45
                +/-  1.1 +/-  1.9 +/-  2.6 +/-  3.5 +/-  4.2 +/-  4.9       45
          2 h        9.6     11.6     12.9     14.6     15.8     17.0       45
                +/-  0.6 +/-  1.0 +/-  1.4 +/-  1.9 +/-  2.2 +/-  2.6       45
          6 h        4.7      5.9      6.7      7.7      8.5      9.2       44
                +/-  0.4 +/-  0.6 +/-  0.8 +/-  1.1 +/-  1.4 +/-  1.6       44
         12 h        3.0      3.7      4.3      4.9      5.4      5.9       44
                +/-  0.2 +/-  0.4 +/-  0.6 +/-  0.7 +/-  0.9 +/-  1.0       44
         24 h        1.8      2.3      2.7      3.1      3.4      3.7       46
                +/-  0.2 +/-  0.3 +/-  0.4 +/-  0.5 +/-  0.6 +/-  0.7       46
 
********************************************************************************
 
Table 3 : Interpolation Equation / Équation d'interpolation: R = A*T^B
 
R = Interpolated Rainfall rate (mm/h)/Intensité interpolée de la pluie (mm/h)
RR = Rainfall rate (mm/h) / Intensité de la pluie (mm/h)
 T = Rainfall duration (h) / Durée de la pluie (h)
 
********************************************************************************
 
       Statistics/Statistiques      2      5     10     25     50    100
                               yr/ans yr/ans yr/ans yr/ans yr/ans yr/ans
      Mean of RR/Moyenne de RR   21.9   29.3   34.2   40.4   45.0   49.5
    Std. Dev. /Écart-type (RR)   20.8   28.4   33.5   39.9   44.6   49.4
        Std. Error/Erreur-type    2.9    4.1    4.9    6.0    6.8    7.6
               Coefficient (A)   14.2   18.6   21.4   25.0   27.6   30.2
         Exponent/Exposant (B) -0.629 -0.644 -0.650 -0.656 -0.660 -0.663
 Mean % Error/% erreur moyenne    4.3    3.8    4.4    5.1    5.6    6.1
