                     Environment and Climate Change Canada
                 Environnement et Changement climatique Canada
                                        
           Short Duration Rainfall Intensity-Duration-Frequency Data
          Données sur l'intensité, la durée et la fréquence des chutes
                            de pluie de courte durée
                                        
                 Gumbel - Method of moments/Méthode des moments
                                        
                                   2022/10/31
                                        
================================================================================
 
 BAGOTVILLE A                                           QC        7060400       
                     
 Latitude:  48 20'N    Longitude: 71 0'W     Elevation/Altitude: 159        m
 
 Years/Années :  1961 - 2017          # Years/Années :     45   
 
================================================================================
 
********************************************************************************
 
Table 1 : Annual Maximum (mm)/Maximum annuel (mm)
 
********************************************************************************
 
          Year  5 min 10 min 15 min 30 min    1 h    2 h    6 h   12 h   24 h
         Année
          1961    6.6    7.6    8.1   10.2   12.4   16.0   21.4   27.5   34.7
          1963    6.1   10.2   11.2   14.7   19.8   22.6   35.6   35.8   37.8
          1964    5.3   10.2   11.2   14.0   14.2   15.0   30.0   33.8   52.3
          1965    5.8    7.4    7.6    8.9    9.4   10.9   21.3   22.4   26.4
          1966   10.7   11.4   13.2   15.2   18.5   21.3   23.6   45.5   76.2
          1967    5.3    9.4   10.4   16.0   19.3   19.3   21.1   31.5   42.9
          1968    6.1    9.4   12.2   12.4   16.3   26.9   39.6   39.6   41.4
          1969    4.8    9.4   13.5   13.7   13.7   16.0   23.9   35.3   36.8
          1970    3.3    4.8    6.3    9.9   17.0   22.4   27.2   30.7   45.2
          1971    4.1    7.4    8.4   12.2   18.8   26.9   38.6   38.9   50.0
          1972   17.8   27.4   40.6   52.8   61.0   70.1   76.7   76.7   76.7
          1973   12.4   18.0   20.6   20.8   25.4   28.7   30.2   40.9   42.2
          1974    8.9   14.2   17.5   25.4   25.4   25.9   27.7   27.7   28.2
          1975    6.9    9.9   14.2   17.0   20.3   31.2   31.7   32.3   32.3
          1976    4.1    5.6    8.6   11.4   16.3   26.4   43.7   49.3   49.5
          1977    5.6    6.1    6.3    7.6    9.9   14.5   31.0   40.6   46.0
          1978    6.7    9.7   13.4   14.1   16.0   25.2   28.5   36.0   43.1
          1979    4.0    4.6    6.8    8.4   14.0   18.3   21.7   21.7   35.5
          1980    6.1    9.6   10.9   16.9   20.0   20.6   24.6   29.2   39.5
          1981  -99.9  -99.9  -99.9  -99.9    9.4   15.8   21.8   29.2   42.4
          1982    2.5    4.3    4.8    6.6    8.7   13.0   22.7   30.8   55.2
          1983    6.4   10.9   11.1   11.6   14.1   14.8   20.8   25.0   48.2
          1984    6.6    9.4   10.5   10.9   13.0   19.8   25.4   28.7   32.0
          1985    4.6    6.9   10.3   20.4   30.1   34.0   42.0   43.2   71.6
          1986    5.5    8.4    8.6   12.5   17.8   19.3   20.0   29.6   45.7
          1987    6.2   10.7   15.1   16.4   16.7   20.2   29.8   32.1   35.0
          1988    5.9    9.2   13.3   16.5   17.8   18.8   28.0   50.2   50.6
          1989    6.1    9.3   12.8   13.9   13.9   25.3   35.7   44.4   49.4
          1990    6.9    8.7   10.6   14.5   21.2   24.4   25.9   29.0   34.8
          1991    7.1   12.6   16.0   21.2   22.1   22.6   33.4   36.0   36.2
          1992    4.3    6.6    7.4    8.6   11.3   17.6   24.4   33.5   43.1
          1993    5.1    8.5   11.5   12.9   23.1   24.0   32.7   36.9   37.3
          1994   10.4   18.9   25.7   29.3   29.3   29.3   35.1   37.4   39.2
          1995    4.8    6.9    8.1    9.8   11.4   17.4   23.3   24.6   27.3
          2004    5.5    6.1    6.9    7.9    9.3   14.2   28.1   41.9   50.8
          2005    6.0    7.6    8.2   10.5   12.0   19.0   36.9   44.1   50.5
          2006  -99.9  -99.9  -99.9  -99.9   12.0   20.0   37.6   51.2   69.6
          2008    3.2    4.3    6.1    9.8   14.3   25.6   49.1   61.9   72.9
          2009   11.7   14.1   16.3   24.6   24.8   26.8   31.9   38.9   54.2
          2010    6.8   10.5   11.6   13.8   17.7   18.2   32.4   52.1   57.8
          2011   10.4   12.2   15.2   20.6   22.8   24.3   38.7   53.2   55.2
          2012   10.1   20.2   22.4   22.4   24.7   24.7   46.0   49.8   51.0
          2013    6.3    8.2   11.1   17.7   18.5   20.6   30.4   36.4   43.7
          2014    4.9    7.8   10.8   10.8   11.0   11.0   16.2   20.8   31.0
          2015    6.3   10.4   13.7   15.0   15.4   19.0   24.5   24.7   24.7
          2016   10.1   14.1   18.3   31.5   39.4   40.0   40.0   41.8   56.9
          2017    4.6    7.4    7.8   10.0   14.4   18.0   23.0   28.0   31.7
        ---------------------------------------------------------------------
        # Yrs.     45     45     45     45     47     47     47     47     47
        Années
          Mean    6.6    9.9   12.3   15.6   18.4   22.5   30.9   37.3   45.4
       Moyenne
     Std. Dev.    2.8    4.4    6.2    8.0    8.9    9.2   10.2   11.0   13.0
    Écart-type
         Skew.   1.79   1.88   2.50   2.60   2.74   3.16   2.11   1.19   0.78
   Dissymétrie
      Kurtosis   7.49   7.94  12.20  12.70  13.93  17.88  10.67   5.48   3.46
 
          *-99.9 Indicates Missing Data/Données manquantes
 
 Warning: annual maximum amount greater than 100-yr return period amount
 Avertissement : la quantité maximale annuelle excède la quantité
                 pour une période de retour de 100 ans
          Year/Année      Duration/Durée        Data/Données          100-yr/ans
                1972               5 min                17.8                15.5
                1972              10 min                27.4                23.8
                1972              15 min                40.6                31.7
                1972              30 min                52.8                40.8
                1972               1 h                  61.0                46.3
                1972               2 h                  70.1                51.4
                1972               6 h                  76.7                62.9
                1972              12 h                  76.7                71.8
 
********************************************************************************
 
Table 2a : Return Period Rainfall Amounts (mm)
           Quantité de pluie (mm) par période de retour
 
********************************************************************************
 
 Duration/Durée        2        5       10       25       50      100   #Years
                  yr/ans   yr/ans   yr/ans   yr/ans   yr/ans   yr/ans   Années
          5 min      6.2      8.7     10.3     12.4     14.0     15.5       45
         10 min      9.2     13.1     15.7     19.0     21.4     23.8       45
         15 min     11.3     16.8     20.4     25.0     28.4     31.7       45
         30 min     14.3     21.4     26.1     32.0     36.4     40.8       45
          1 h       16.9     24.8     30.0     36.5     41.4     46.3       47
          2 h       21.0     29.1     34.5     41.3     46.4     51.4       47
          6 h       29.3     38.3     44.2     51.8     57.4     62.9       47
         12 h       35.4     45.2     51.6     59.8     65.8     71.8       47
         24 h       43.3     54.8     62.3     71.9     79.0     86.1       47
 
********************************************************************************
 
Table 2b :
 
 Return Period Rainfall Rates (mm/h) - 95% Confidence limits
 Intensité de la pluie (mm/h) par période de retour - Limites de confiance de 95%
 
********************************************************************************
 
 Duration/Durée        2        5       10       25       50      100   #Years
                  yr/ans   yr/ans   yr/ans   yr/ans   yr/ans   yr/ans   Années
          5 min     74.1    104.2    124.1    149.3    168.0    186.5       45
                +/-  9.1 +/- 15.4 +/- 20.8 +/- 28.0 +/- 33.5 +/- 39.0       45
         10 min     55.2     78.7     94.3    114.0    128.6    143.1       45
                +/-  7.1 +/- 12.0 +/- 16.3 +/- 21.9 +/- 26.2 +/- 30.5       45
         15 min     45.3     67.1     81.6     99.9    113.5    126.9       45
                +/-  6.6 +/- 11.2 +/- 15.1 +/- 20.3 +/- 24.3 +/- 28.4       45
         30 min     28.5     42.7     52.1     64.0     72.8     81.5       45
                +/-  4.3 +/-  7.3 +/-  9.8 +/- 13.2 +/- 15.8 +/- 18.4       45
          1 h       16.9     24.8     30.0     36.5     41.4     46.3       47
                +/-  2.3 +/-  3.9 +/-  5.3 +/-  7.2 +/-  8.6 +/- 10.0       47
          2 h       10.5     14.6     17.3     20.7     23.2     25.7       47
                +/-  1.2 +/-  2.0 +/-  2.8 +/-  3.7 +/-  4.4 +/-  5.2       47
          6 h        4.9      6.4      7.4      8.6      9.6     10.5       47
                +/-  0.4 +/-  0.8 +/-  1.0 +/-  1.4 +/-  1.6 +/-  1.9       47
         12 h        3.0      3.8      4.3      5.0      5.5      6.0       47
                +/-  0.2 +/-  0.4 +/-  0.5 +/-  0.7 +/-  0.9 +/-  1.0       47
         24 h        1.8      2.3      2.6      3.0      3.3      3.6       47
                +/-  0.1 +/-  0.2 +/-  0.3 +/-  0.4 +/-  0.5 +/-  0.6       47
 
********************************************************************************
 
Table 3 : Interpolation Equation / Équation d'interpolation: R = A*T^B
 
R = Interpolated Rainfall rate (mm/h)/Intensité interpolée de la pluie (mm/h)
RR = Rainfall rate (mm/h) / Intensité de la pluie (mm/h)
 T = Rainfall duration (h) / Durée de la pluie (h)
 
********************************************************************************
 
       Statistics/Statistiques      2      5     10     25     50    100
                               yr/ans yr/ans yr/ans yr/ans yr/ans yr/ans
      Mean of RR/Moyenne de RR   26.7   38.3   46.0   55.7   62.9   70.0
    Std. Dev. /Écart-type (RR)   26.0   37.2   44.6   54.0   61.0   67.9
        Std. Error/Erreur-type    5.3   10.5   14.0   18.5   21.9   25.3
               Coefficient (A)   16.3   22.8   27.0   32.3   36.3   40.2
         Exponent/Exposant (B) -0.676 -0.703 -0.714 -0.724 -0.729 -0.734
 Mean % Error/% erreur moyenne    5.6    8.5    9.7   10.9   11.5   12.0
