                     Environment and Climate Change Canada
                 Environnement et Changement climatique Canada
                                        
           Short Duration Rainfall Intensity-Duration-Frequency Data
          Données sur l'intensité, la durée et la fréquence des chutes
                            de pluie de courte durée
                                        
                 Gumbel - Method of moments/Méthode des moments
                                        
                                   2022/10/31
                                        
================================================================================
 
 SHAWINIGAN                                             QC        7018001       
                     
 Latitude:  46 34'N    Longitude: 72 44'W    Elevation/Altitude: 110        m
 
 Years/Années :  1968 - 2021          # Years/Années :     50   
 
================================================================================
 
********************************************************************************
 
Table 1 : Annual Maximum (mm)/Maximum annuel (mm)
 
********************************************************************************
 
          Year  5 min 10 min 15 min 30 min    1 h    2 h    6 h   12 h   24 h
         Année
          1968    7.6    9.4   11.2   15.2   16.0   16.0   17.8   21.1   23.9
          1969   10.7   15.2   17.8   19.6   19.8   20.6   21.3   37.1   56.9
          1970    6.3   10.7   12.4   12.7   16.3   18.0   26.9   36.3   51.3
          1971    9.9   16.8   18.8   24.9   27.2   30.5   32.3   34.8   39.6
          1972   11.2   19.3   24.1   30.0   30.7   34.0   36.8   42.7   49.8
          1973   16.0   20.1   24.6   32.8   34.8   39.6   46.5   46.5   64.3
          1974    5.6    8.9   12.4   16.8   22.9   25.9   36.3   49.3   49.3
          1975    8.9   15.5   23.4   24.9   26.7   30.2   30.2   30.2   41.4
          1976    4.6    7.1    8.9   16.0   24.1   27.7   38.9   52.6   60.5
          1977    4.1    4.6    5.1    7.4   11.9   17.5   29.0   32.8   36.1
          1978    6.8   11.6   13.5   13.5   13.7   18.4   31.4   35.6   38.3
          1979    8.0   12.7   16.0   17.8   17.8   22.6   49.4   60.4   60.4
          1980   10.6   13.5   14.7   19.0   20.1   23.5   27.9   46.3   51.9
          1981    5.0    9.4   13.4   17.5   27.9   49.1   93.2   94.7   95.0
          1982    3.8    6.6    7.7    8.6   14.4   24.3   31.2   31.6   33.6
          1983    6.7    8.2   10.9   13.5   14.1   24.4   27.5   38.2   46.4
          1984    5.7    8.0   10.2   11.4   12.0   16.7   21.2   24.7   24.7
          1985    6.2    7.8    8.6    9.2   14.3   23.9   28.9   46.6   49.0
          1986    3.5    4.8    5.5    8.8   14.3   19.7   31.1   46.9   65.4
          1987    7.6   11.3   15.1   18.4   21.2   24.0   24.9   24.9   34.4
          1988    4.6    9.2   12.4   17.2   17.7   17.7   25.8   26.6   26.6
          1989   11.2   18.2   20.3   21.0   21.9   22.3   26.3   37.2   50.8
          1990    4.0    7.8   10.9   20.3   35.4   42.2   46.0   61.2   62.3
          1993    9.7   16.8   22.2   39.0   43.0   43.0   43.0   43.4   44.4
          1994    8.3   11.3   12.7   17.0   23.0   25.5   36.6   44.7   53.2
          1995    7.9   12.8   14.3   22.8   26.1   32.9   43.9   45.0   53.2
          1998   15.1   23.4   25.7   31.8   37.0   38.5   42.6   50.6   53.3
          1999   11.1   14.6   16.8   23.4   30.3   34.2   37.2   37.4   45.0
          2000    9.4   13.4   15.0   20.6   21.6   28.6   33.8   35.8   46.4
          2001   11.8   20.4   25.0   27.8   34.4   36.4   38.2   41.8   41.8
          2002    5.6    5.6    5.8    6.6    8.6   12.8   25.6   34.4   36.4
          2003    8.6   13.4   15.6   18.4   18.8   18.8   33.4   49.6   55.0
          2004    7.4   12.4   17.8   25.2   26.2   36.4   67.6   93.2  104.6
          2005   12.2   21.2   30.2   43.6   43.6   43.6   46.4   75.4   94.6
          2006    7.0   12.4   13.2   19.8   20.0   20.0   30.0   47.0   51.2
          2007    7.4   13.2   17.0   22.8   40.8   72.4   77.2   77.2   77.2
          2008    7.2   11.4   15.2   20.8   21.8   31.8   35.6   46.6   46.6
          2009   11.8   16.6   19.4   23.4   24.8   24.8   32.0   36.0   51.6
          2010    8.8   12.6   15.2   23.2   23.6   31.6   48.4   58.2   61.8
          2011   10.6   14.2   14.8   18.6   23.2   30.2   45.4   58.0   61.0
          2012    8.8   14.6   15.8   19.0   20.4   21.8   35.6   43.4   52.8
          2013    8.6   11.8   13.2   14.4   17.6   19.8   31.4   32.6   41.2
          2014    9.0   15.6   17.6   23.4   25.2   32.0   38.6   41.8   52.4
          2015    7.4   11.0   13.6   14.4   14.8   18.2   32.4   45.0   48.8
          2016    9.0   10.4   12.0   21.0   33.2   43.6   54.6   67.4   69.0
          2017   10.2   14.8   17.0   32.2   42.8   48.2   76.0   78.0   78.0
          2018    6.4    9.8   10.4   13.6   13.8   15.2   23.4   25.4   38.8
          2019   13.4   19.8   23.6   28.6   30.6   30.6   38.2   38.6   48.4
          2020    8.2   11.0   11.4   17.8   24.6   42.2   72.8   80.8   82.6
          2021    5.2    6.8    7.6    9.6   13.0   18.2   28.2   28.4   39.4
        ---------------------------------------------------------------------
        # Yrs.     50     50     50     50     50     50     50     50     50
        Années
          Mean    8.3   12.6   15.1   19.9   23.6   28.8   38.6   46.3   52.8
       Moyenne
     Std. Dev.    2.8    4.4    5.6    7.8    8.8   11.3   15.5   17.2   17.1
    Écart-type
         Skew.   0.52   0.38   0.53   0.76   0.66   1.37   1.72   1.18   1.07
   Dissymétrie
      Kurtosis   3.33   2.87   3.27   4.12   2.93   6.13   6.20   4.23   4.64
 
          *-99.9 Indicates Missing Data/Données manquantes
 
 Warning: annual maximum amount greater than 100-yr return period amount
 Avertissement : la quantité maximale annuelle excède la quantité
                 pour une période de retour de 100 ans
          Year/Année      Duration/Durée        Data/Données          100-yr/ans
                1981               6 h                  93.2                87.3
                2007               2 h                  72.4                64.3
 
********************************************************************************
 
Table 2a : Return Period Rainfall Amounts (mm)
           Quantité de pluie (mm) par période de retour
 
********************************************************************************
 
 Duration/Durée        2        5       10       25       50      100   #Years
                  yr/ans   yr/ans   yr/ans   yr/ans   yr/ans   yr/ans   Années
          5 min      7.8     10.3     12.0     14.1     15.7     17.2       50
         10 min     11.8     15.7     18.3     21.6     24.1     26.5       50
         15 min     14.2     19.1     22.4     26.5     29.6     32.6       50
         30 min     18.6     25.5     30.1     35.8     40.1     44.3       50
          1 h       22.1     29.9     35.1     41.6     46.5     51.3       50
          2 h       26.9     36.9     43.6     51.9     58.1     64.3       50
          6 h       36.0     49.7     58.8     70.3     78.8     87.3       50
         12 h       43.5     58.6     68.7     81.4     90.8    100.2       50
         24 h       50.0     65.1     75.1     87.7     97.1    106.4       50
 
********************************************************************************
 
Table 2b :
 
 Return Period Rainfall Rates (mm/h) - 95% Confidence limits
 Intensité de la pluie (mm/h) par période de retour - Limites de confiance de 95%
 
********************************************************************************
 
 Duration/Durée        2        5       10       25       50      100   #Years
                  yr/ans   yr/ans   yr/ans   yr/ans   yr/ans   yr/ans   Années
          5 min     93.9    124.1    144.0    169.2    187.9    206.5       50
                +/-  8.7 +/- 14.6 +/- 19.7 +/- 26.6 +/- 31.8 +/- 37.1       50
         10 min     71.0     94.5    110.1    129.7    144.3    158.8       50
                +/-  6.8 +/- 11.4 +/- 15.4 +/- 20.8 +/- 24.8 +/- 28.9       50
         15 min     56.8     76.5     89.6    106.1    118.4    130.5       50
                +/-  5.7 +/-  9.6 +/- 12.9 +/- 17.4 +/- 20.8 +/- 24.3       50
         30 min     37.3     51.0     60.1     71.6     80.2     88.6       50
                +/-  4.0 +/-  6.7 +/-  9.0 +/- 12.1 +/- 14.5 +/- 16.9       50
          1 h       22.1     29.9     35.1     41.6     46.5     51.3       50
                +/-  2.2 +/-  3.8 +/-  5.1 +/-  6.9 +/-  8.3 +/-  9.6       50
          2 h       13.5     18.5     21.8     26.0     29.1     32.1       50
                +/-  1.4 +/-  2.4 +/-  3.3 +/-  4.4 +/-  5.3 +/-  6.1       50
          6 h        6.0      8.3      9.8     11.7     13.1     14.5       50
                +/-  0.7 +/-  1.1 +/-  1.5 +/-  2.0 +/-  2.4 +/-  2.8       50
         12 h        3.6      4.9      5.7      6.8      7.6      8.3       50
                +/-  0.4 +/-  0.6 +/-  0.8 +/-  1.1 +/-  1.3 +/-  1.6       50
         24 h        2.1      2.7      3.1      3.7      4.0      4.4       50
                +/-  0.2 +/-  0.3 +/-  0.4 +/-  0.6 +/-  0.7 +/-  0.8       50
 
********************************************************************************
 
Table 3 : Interpolation Equation / Équation d'interpolation: R = A*T^B
 
R = Interpolated Rainfall rate (mm/h)/Intensité interpolée de la pluie (mm/h)
RR = Rainfall rate (mm/h) / Intensité de la pluie (mm/h)
 T = Rainfall duration (h) / Durée de la pluie (h)
 
********************************************************************************
 
       Statistics/Statistiques      2      5     10     25     50    100
                               yr/ans yr/ans yr/ans yr/ans yr/ans yr/ans
      Mean of RR/Moyenne de RR   34.0   45.6   53.3   62.9   70.1   77.2
    Std. Dev. /Écart-type (RR)   33.1   43.9   51.0   60.0   66.7   73.3
        Std. Error/Erreur-type    7.9   11.6   14.0   17.1   19.4   21.7
               Coefficient (A)   20.6   27.7   32.4   38.4   42.8   47.2
         Exponent/Exposant (B) -0.690 -0.689 -0.689 -0.689 -0.689 -0.689
 Mean % Error/% erreur moyenne    7.1    8.5    9.1    9.7   10.0   10.3
