                     Environment and Climate Change Canada
                 Environnement et Changement climatique Canada
                                        
           Short Duration Rainfall Intensity-Duration-Frequency Data
          Données sur l'intensité, la durée et la fréquence des chutes
                            de pluie de courte durée
                                        
                 Gumbel - Method of moments/Méthode des moments
                                        
                                   2022/10/31
                                        
================================================================================
 
 NORMANDIN                                              QC        7065639       
                     
 Latitude:  48 50'N    Longitude: 72 33'W    Elevation/Altitude: 137        m
 
 Years/Années :  1962 - 2021          # Years/Années :     45   
 
================================================================================
 
********************************************************************************
 
Table 1 : Annual Maximum (mm)/Maximum annuel (mm)
 
********************************************************************************
 
          Year  5 min 10 min 15 min 30 min    1 h    2 h    6 h   12 h   24 h
         Année
          1962   13.2   18.3   21.3   21.3   21.3   21.3   22.4   30.7   47.2
          1963    2.5    3.0    4.1    4.3    5.6    9.4   19.0   29.2   33.3
          1964    4.3    6.9    6.9    6.9    7.4   12.2   23.1   35.8   44.7
          1965    3.3    6.1    7.9   11.2   17.3   23.6   28.7   35.6   37.3
          1966    5.6    5.6    5.8    8.9   14.5   21.3   27.7   50.8   63.5
          1967    2.5    3.3    4.6    6.6    8.9   13.0   20.1   33.8   49.5
          1968    5.8    7.4    8.6   12.2   14.0   19.8   29.5   30.7   30.7
          1969    8.4   11.9   15.2   17.5   19.8   23.1   42.7   46.2   50.5
          1970   15.2   24.4   30.5   36.6   45.7   58.4   62.2   62.2   84.6
          1971    5.6   10.7   13.7   14.7   15.0   15.7   17.3   26.9   29.5
          1972    5.6    7.6    8.9   13.5   18.0   21.3   26.4   26.4   35.1
          1973   12.7   15.5   16.8   17.8   22.1   24.1   28.2   36.1   42.4
          1975   11.2   14.7   16.0   16.0   19.8   24.1   25.7   28.2   36.3
          1976   15.5   15.7   16.8   17.0   18.0   18.3   22.1   23.6   27.9
          1977    7.6   13.0   13.7   14.0   14.0   19.3   30.0   36.6   37.6
          1978    8.1   10.0   10.0   12.0   14.2   18.7   25.4   32.8   32.8
          1979    9.8   11.4   12.5   14.6   22.2   29.6   37.0   67.2   81.5
          1980    4.7    8.8   10.2   15.3   18.0   25.4   51.7   56.0   60.2
          1981    5.1    9.7   10.7   12.3   12.7   20.7   29.3   51.0   53.2
          1982    5.3    7.3    8.6    9.2   11.4   12.4   22.5   24.7   32.9
          1983    7.1    9.8   10.8   12.5   12.6   12.6   17.4   21.4   23.0
          1984   15.8   22.4   27.4   31.4   31.4   31.6   31.6   44.2   45.0
          1985    6.0    8.1    9.8   13.9   22.5   31.7   33.1   50.7   73.6
          1986    7.1    9.6    9.8   10.2   10.8   11.8   20.2   36.2   59.4
          1987    5.3    9.1   12.3   17.8   19.9   20.4   23.4   23.4   26.4
          1988    4.6    7.5   10.1   12.5   13.3   19.3   22.0   29.2   34.0
          1989    6.1   10.4   12.1   14.8   18.0   30.3   51.3   75.9   78.4
          1990    3.2    6.1    8.7    9.7   14.6   14.7   24.8   42.8   45.7
          1991    2.9    5.7    6.3    7.4    8.6   12.7   27.7   31.8   32.0
          2005  -99.9  -99.9  -99.9  -99.9   14.7   15.0   25.1   33.0   35.0
          2006   10.2   17.0   20.4   20.4   20.4   20.4   26.4   35.0   49.6
          2007   21.8   29.8   37.4   44.4   46.2   46.8   47.2   48.0   52.4
          2008   10.8   14.8   17.2   19.0   20.4   20.8   22.2   25.6   31.0
          2009    7.6   11.8   15.0   18.8   26.8   26.8   29.2   30.2   34.0
          2010   11.6   13.2   14.0   15.4   17.6   26.8   41.4   46.0   52.6
          2011   11.2   11.6   12.4   14.2   16.2   23.6   34.2   49.4   59.4
          2012    5.4    8.2   12.2   15.6   16.2   17.4   33.0   33.8   34.0
          2013    9.4   11.4   12.2   14.4   16.6   18.6   24.2   28.8   42.0
          2014    4.8    8.4   10.8   19.8   25.2   26.6   32.0   32.0   53.4
          2015    6.4    8.2    9.2   10.2   10.4   12.6   19.0   29.4   36.8
          2016    6.6   11.4   14.8   16.4   16.6   20.6   41.8   52.2   52.4
          2017    7.4    9.6    9.8   11.8   14.0   16.6   30.4   45.0   53.6
          2018   15.4   16.0   17.8   25.2   38.4   55.8   87.8   94.2   96.8
          2019    7.4   11.0   12.8   14.8   15.8   17.4   21.2   24.2   31.8
          2020    7.2   10.8   12.6   19.8   25.4   28.8   37.4   48.6   52.6
          2021    7.0    8.2    9.2   12.6   15.2   17.8   20.0   32.6   50.0
        ---------------------------------------------------------------------
        # Yrs.     45     45     45     45     46     46     46     46     46
        Années
          Mean    8.0   11.1   13.1   15.7   18.4   22.4   30.8   39.3   46.6
       Moyenne
     Std. Dev.    4.2    5.2    6.4    7.4    8.5   10.1   13.0   14.8   16.5
    Écart-type
         Skew.   1.22   1.51   1.88   1.98   1.75   2.02   2.37   1.63   1.13
   Dissymétrie
      Kurtosis   4.67   6.29   7.74   8.57   6.89   8.06  10.55   6.48   4.25
 
          *-99.9 Indicates Missing Data/Données manquantes
 
 Warning: annual maximum amount greater than 100-yr return period amount
 Avertissement : la quantité maximale annuelle excède la quantité
                 pour une période de retour de 100 ans
          Year/Année      Duration/Durée        Data/Données          100-yr/ans
                1970               1 h                  45.7                45.0
                1970               2 h                  58.4                54.2
                2007               5 min                21.8                21.1
                2007              10 min                29.8                27.6
                2007              15 min                37.4                33.2
                2007              30 min                44.4                38.8
                2007               1 h                  46.2                45.0
                2018               2 h                  55.8                54.2
                2018               6 h                  87.8                71.6
                2018              12 h                  94.2                85.7
 
********************************************************************************
 
Table 2a : Return Period Rainfall Amounts (mm)
           Quantité de pluie (mm) par période de retour
 
********************************************************************************
 
 Duration/Durée        2        5       10       25       50      100   #Years
                  yr/ans   yr/ans   yr/ans   yr/ans   yr/ans   yr/ans   Années
          5 min      7.3     11.0     13.4     16.5     18.8     21.1       45
         10 min     10.3     14.9     18.0     21.9     24.7     27.6       45
         15 min     12.0     17.7     21.4     26.2     29.7     33.2       45
         30 min     14.5     21.0     25.3     30.7     34.8     38.8       45
          1 h       17.0     24.5     29.5     35.7     40.4     45.0       46
          2 h       20.7     29.7     35.6     43.1     48.6     54.2       46
          6 h       28.6     40.1     47.8     57.4     64.5     71.6       46
         12 h       36.9     49.9     58.6     69.5     77.6     85.7       46
         24 h       43.9     58.5     68.2     80.4     89.5     98.5       46
 
********************************************************************************
 
Table 2b :
 
 Return Period Rainfall Rates (mm/h) - 95% Confidence limits
 Intensité de la pluie (mm/h) par période de retour - Limites de confiance de 95%
 
********************************************************************************
 
 Duration/Durée        2        5       10       25       50      100   #Years
                  yr/ans   yr/ans   yr/ans   yr/ans   yr/ans   yr/ans   Années
          5 min     87.9    132.0    161.2    198.1    225.5    252.6       45
                +/- 13.4 +/- 22.5 +/- 30.4 +/- 41.1 +/- 49.1 +/- 57.2       45
         10 min     61.7     89.5    107.9    131.1    148.4    165.5       45
                +/-  8.4 +/- 14.2 +/- 19.2 +/- 25.9 +/- 31.0 +/- 36.1       45
         15 min     48.0     70.7     85.7    104.7    118.8    132.8       45
                +/-  6.9 +/- 11.6 +/- 15.7 +/- 21.1 +/- 25.3 +/- 29.4       45
         30 min     28.9     41.9     50.5     61.4     69.5     77.5       45
                +/-  3.9 +/-  6.7 +/-  9.0 +/- 12.1 +/- 14.5 +/- 16.9       45
          1 h       17.0     24.5     29.5     35.7     40.4     45.0       46
                +/-  2.2 +/-  3.8 +/-  5.1 +/-  6.9 +/-  8.2 +/-  9.6       46
          2 h       10.4     14.8     17.8     21.5     24.3     27.1       46
                +/-  1.3 +/-  2.3 +/-  3.1 +/-  4.1 +/-  4.9 +/-  5.7       46
          6 h        4.8      6.7      8.0      9.6     10.8     11.9       46
                +/-  0.6 +/-  1.0 +/-  1.3 +/-  1.8 +/-  2.1 +/-  2.5       46
         12 h        3.1      4.2      4.9      5.8      6.5      7.1       46
                +/-  0.3 +/-  0.6 +/-  0.7 +/-  1.0 +/-  1.2 +/-  1.4       46
         24 h        1.8      2.4      2.8      3.4      3.7      4.1       46
                +/-  0.2 +/-  0.3 +/-  0.4 +/-  0.6 +/-  0.7 +/-  0.8       46
 
********************************************************************************
 
Table 3 : Interpolation Equation / Équation d'interpolation: R = A*T^B
 
R = Interpolated Rainfall rate (mm/h)/Intensité interpolée de la pluie (mm/h)
RR = Rainfall rate (mm/h) / Intensité de la pluie (mm/h)
 T = Rainfall duration (h) / Durée de la pluie (h)
 
********************************************************************************
 
       Statistics/Statistiques      2      5     10     25     50    100
                               yr/ans yr/ans yr/ans yr/ans yr/ans yr/ans
      Mean of RR/Moyenne de RR   29.3   43.0   52.0   63.5   72.0   80.4
    Std. Dev. /Écart-type (RR)   30.4   45.4   55.3   67.8   77.1   86.3
        Std. Error/Erreur-type    3.7    5.3    6.5    7.9    9.1   10.2
               Coefficient (A)   17.1   24.4   29.3   35.4   40.0   44.5
         Exponent/Exposant (B) -0.698 -0.717 -0.724 -0.730 -0.734 -0.737
 Mean % Error/% erreur moyenne    3.6    3.1    3.0    3.0    3.1    3.2
