                     Environment and Climate Change Canada
                 Environnement et Changement climatique Canada
                                        
           Short Duration Rainfall Intensity-Duration-Frequency Data
          Données sur l'intensité, la durée et la fréquence des chutes
                            de pluie de courte durée
                                        
                 Gumbel - Method of moments/Méthode des moments
                                        
                                   2022/10/31
                                        
================================================================================
 
 BARRAGE TEMISCAMINGUE                                  QC        7080468       
                     
 Latitude:  46 43'N    Longitude: 79 6'W     Elevation/Altitude: 181        m
 
 Years/Années :  1968 - 2021          # Years/Années :     52   
 
================================================================================
 
********************************************************************************
 
Table 1 : Annual Maximum (mm)/Maximum annuel (mm)
 
********************************************************************************
 
          Year  5 min 10 min 15 min 30 min    1 h    2 h    6 h   12 h   24 h
         Année
          1968    5.8    5.8    7.4    9.4   10.4   15.7   36.8   40.6   49.5
          1969   10.9   15.5   18.8   23.9   43.7   56.4   98.8  100.1  102.9
          1970   10.2   17.5   18.0   19.0   21.3   24.4   37.6   63.5   73.9
          1971    6.1    8.6    9.4   12.4   14.5   17.3   25.1   40.6   50.0
          1972   12.2   22.1   29.7   30.0   32.8   35.8   39.4   50.5   51.6
          1973   14.5   19.0   20.6   21.1   21.1   21.1   31.5   40.6   48.0
          1974    6.6    8.1   10.2   19.6   26.7   31.7   42.2   61.5   63.2
          1975    6.3    9.4   11.4   11.9   11.9   23.4   23.4   24.4   30.7
          1976  -99.9  -99.9  -99.9  -99.9  -99.9   34.0   43.2   43.2   45.7
          1977   10.4   12.2   14.7   23.9   32.0   35.6   36.3   40.4   47.5
          1978    5.8    9.8   10.7   15.4   17.7   20.5   34.2   41.3   41.5
          1979    6.0    9.1   13.7   19.5   30.9   34.0   50.6   60.5   60.5
          1980    4.0    6.3    9.2   15.8   27.8   29.4   34.1   39.3   58.2
          1981  -99.9  -99.9  -99.9  -99.9   12.8   23.3   38.2   44.7   45.3
          1982    4.5    7.6    9.4   12.0   14.3   20.2   30.8   30.8   31.6
          1983    7.7    9.4   10.1   10.3   17.3   25.0   36.5   48.0   56.7
          1984    8.2   14.9   19.7   31.9   37.9   41.9   44.7   45.7   60.4
          1985    2.3    3.9    4.6    6.4   11.4   18.0   28.2   28.4   34.6
          1986    8.4    8.7   12.2   14.5   17.8   18.0   28.3   39.0   41.6
          1987    6.9   10.9   11.4   13.1   17.7   21.0   21.0   22.3   24.0
          1988   11.6   18.8   20.8   27.0   34.0   34.3   42.2   45.8   46.8
          1989    7.8   10.2   11.6   14.0   15.6   16.0   19.8   29.0   29.4
          1990    4.0    6.2    7.3   11.0   13.2   19.4   36.9   49.3   54.8
          1991    8.1    9.7   10.0   13.5   14.1   18.4   34.2   39.8   49.6
          1992    7.6    9.7   10.2   11.8   13.2   18.0   36.0   41.6   45.6
          1993    5.0    9.1   11.0   14.7   19.5   19.7   30.6   40.0   50.5
          1994    7.3   10.6   11.5   14.0   14.6   18.6   25.4   32.1   39.6
          1995    4.6    6.9    7.7    8.4   16.1   16.9   19.2   31.8   33.0
          1996    6.2    8.8   10.0   13.8   16.6   21.0   31.8   44.4   44.4
          1997    7.2   10.0   10.8   14.8   15.0   21.6   44.4   56.6   59.2
          1998    5.4    9.6   11.6   13.2   13.2   18.8   41.4   45.6   46.0
          1999    7.0   10.6   11.2   15.6   18.2   23.0   23.4   23.4   41.2
          2000    8.2    9.0    9.2    9.4   11.2   20.4   25.8   27.0   34.4
          2001    8.4   15.6   17.6   20.6   20.8   24.0   36.2   40.6   47.8
          2002    7.2    8.6    9.8   11.2   13.4   15.6   30.0   39.8   54.4
          2003    5.0    6.2    6.6    7.0   11.0   19.2   27.6   33.6   40.2
          2004    6.6   11.8   14.6   17.4   21.6   22.4   27.2   50.8   88.6
          2005    7.6   11.4   12.8   19.4   19.4   32.8   37.0   37.2   45.2
          2006    4.0    5.2    6.2    9.0   13.2   17.6   25.4   39.8   41.2
          2007    6.4   11.2   13.8   16.6   19.8   25.0   28.6   31.0   31.0
          2008    9.2   14.2   19.0   23.6   25.2   25.6   30.8   31.6   31.8
          2009    6.2   11.0   16.4   29.2   37.2   37.2   37.4   41.0   46.4
          2010    5.4    8.6    9.2   10.0   11.4   17.0   27.0   33.4   39.0
          2011   11.6   18.2   20.4   29.6   33.2   41.2   47.2   85.0   85.2
          2012    6.6   10.0   12.0   13.2   16.0   23.2   30.2   37.8   55.2
          2013    7.0    8.8    9.6   14.6   18.4   23.4   33.0   38.8   47.4
          2014   12.4   14.4   14.6   15.0   15.0   15.6   25.8   25.8   36.0
          2015    4.8    7.8    9.6   18.2   23.2   23.4   25.8   26.6   27.0
          2016    8.0   12.8   16.4   19.8   19.8   19.8   26.0   26.0   36.2
          2017    8.6   11.6   12.8   21.4   26.0   29.8   30.2   35.2   38.8
          2018    9.0   13.6   17.8   29.8   49.0   51.6   51.6   51.6   53.8
          2019    5.6    7.8    8.4    9.2   11.2   15.0   29.6   31.8   36.2
          2020    5.2    6.2    7.8    9.8   13.6   19.8   23.6   26.8   36.4
          2021   10.6   15.2   16.6   16.8   17.2   21.8   35.4   37.0   41.4
        ---------------------------------------------------------------------
        # Yrs.     52     52     52     52     53     54     54     54     54
        Années
          Mean    7.3   10.7   12.6   16.4   20.2   24.7   34.0   41.0   47.2
       Moyenne
     Std. Dev.    2.5    3.9    4.7    6.5    8.9    9.0   11.8   14.1   15.0
    Écart-type
         Skew.   0.72   0.91   1.15   0.80   1.39   1.65   3.27   2.00   1.58
   Dissymétrie
      Kurtosis   3.61   3.75   5.01   3.08   4.61   5.88  19.58   9.06   6.67
 
          *-99.9 Indicates Missing Data/Données manquantes
 
 Warning: annual maximum amount greater than 100-yr return period amount
 Avertissement : la quantité maximale annuelle excède la quantité
                 pour une période de retour de 100 ans
          Year/Année      Duration/Durée        Data/Données          100-yr/ans
                1969               2 h                  56.4                52.9
                1969               6 h                  98.8                70.9
                1969              12 h                 100.1                85.2
                1969              24 h                 102.9                94.3
                1972              15 min                29.7                27.5
                2018               1 h                  49.0                48.2
 
********************************************************************************
 
Table 2a : Return Period Rainfall Amounts (mm)
           Quantité de pluie (mm) par période de retour
 
********************************************************************************
 
 Duration/Durée        2        5       10       25       50      100   #Years
                  yr/ans   yr/ans   yr/ans   yr/ans   yr/ans   yr/ans   Années
          5 min      6.9      9.1     10.6     12.4     13.8     15.1       52
         10 min     10.1     13.5     15.8     18.7     20.8     22.9       52
         15 min     11.8     16.0     18.8     22.3     24.9     27.5       52
         30 min     15.3     21.0     24.8     29.6     33.1     36.6       52
          1 h       18.7     26.6     31.8     38.4     43.3     48.2       53
          2 h       23.2     31.2     36.4     43.1     48.0     52.9       54
          6 h       32.1     42.5     49.4     58.1     64.5     70.9       54
         12 h       38.7     51.1     59.4     69.8     77.5     85.2       54
         24 h       44.8     58.0     66.8     77.9     86.1     94.3       54
 
********************************************************************************
 
Table 2b :
 
 Return Period Rainfall Rates (mm/h) - 95% Confidence limits
 Intensité de la pluie (mm/h) par période de retour - Limites de confiance de 95%
 
********************************************************************************
 
 Duration/Durée        2        5       10       25       50      100   #Years
                  yr/ans   yr/ans   yr/ans   yr/ans   yr/ans   yr/ans   Années
          5 min     83.3    109.6    126.9    148.9    165.2    181.4       52
                +/-  7.4 +/- 12.5 +/- 16.9 +/- 22.7 +/- 27.2 +/- 31.7       52
         10 min     60.6     81.1     94.7    111.9    124.7    137.3       52
                +/-  5.8 +/-  9.8 +/- 13.2 +/- 17.8 +/- 21.3 +/- 24.8       52
         15 min     47.4     64.1     75.2     89.2     99.6    110.0       52
                +/-  4.7 +/-  8.0 +/- 10.8 +/- 14.5 +/- 17.4 +/- 20.2       52
         30 min     30.7     42.1     49.6     59.2     66.2     73.3       52
                +/-  3.2 +/-  5.4 +/-  7.3 +/-  9.9 +/- 11.8 +/- 13.8       52
          1 h       18.7     26.6     31.8     38.4     43.3     48.2       53
                +/-  2.2 +/-  3.7 +/-  5.0 +/-  6.8 +/-  8.1 +/-  9.4       53
          2 h       11.6     15.6     18.2     21.5     24.0     26.4       54
                +/-  1.1 +/-  1.9 +/-  2.5 +/-  3.4 +/-  4.0 +/-  4.7       54
          6 h        5.3      7.1      8.2      9.7     10.8     11.8       54
                +/-  0.5 +/-  0.8 +/-  1.1 +/-  1.5 +/-  1.8 +/-  2.1       54
         12 h        3.2      4.3      4.9      5.8      6.5      7.1       54
                +/-  0.3 +/-  0.5 +/-  0.7 +/-  0.9 +/-  1.1 +/-  1.2       54
         24 h        1.9      2.4      2.8      3.2      3.6      3.9       54
                +/-  0.2 +/-  0.3 +/-  0.3 +/-  0.5 +/-  0.6 +/-  0.7       54
 
********************************************************************************
 
Table 3 : Interpolation Equation / Équation d'interpolation: R = A*T^B
 
R = Interpolated Rainfall rate (mm/h)/Intensité interpolée de la pluie (mm/h)
RR = Rainfall rate (mm/h) / Intensité de la pluie (mm/h)
 T = Rainfall duration (h) / Durée de la pluie (h)
 
********************************************************************************
 
       Statistics/Statistiques      2      5     10     25     50    100
                               yr/ans yr/ans yr/ans yr/ans yr/ans yr/ans
      Mean of RR/Moyenne de RR   29.2   39.2   45.8   54.2   60.4   66.6
    Std. Dev. /Écart-type (RR)   28.8   38.2   44.4   52.2   58.0   63.8
        Std. Error/Erreur-type    5.1    8.3   10.5   13.2   15.3   17.3
               Coefficient (A)   17.7   23.8   27.9   32.9   36.7   40.5
         Exponent/Exposant (B) -0.681 -0.686 -0.688 -0.689 -0.690 -0.691
 Mean % Error/% erreur moyenne    5.6    7.0    7.6    8.2    8.6    8.8
