                     Environment and Climate Change Canada
                 Environnement et Changement climatique Canada
                                        
           Short Duration Rainfall Intensity-Duration-Frequency Data
          Données sur l'intensité, la durée et la fréquence des chutes
                            de pluie de courte durée
                                        
                 Gumbel - Method of moments/Méthode des moments
                                        
                                   2022/10/31
                                        
================================================================================
 
 FORET MONTMORENCY RCS                                  QC        7042395       
                     
 Latitude:  47 19'N    Longitude: 71 9'W     Elevation/Altitude: 672        m
 
 Years/Années :  1967 - 2021          # Years/Années :     48   
 
================================================================================
 
********************************************************************************
 
Table 1 : Annual Maximum (mm)/Maximum annuel (mm)
 
********************************************************************************
 
          Year  5 min 10 min 15 min 30 min    1 h    2 h    6 h   12 h   24 h
         Année
          1967    5.6    8.4    9.9   15.5   22.4   26.2   35.6   49.3   53.1
          1968    7.1   10.4   15.5   22.6   25.9   32.8   40.6   40.9   49.8
          1969    5.3    6.9   10.2   10.9   16.8   20.8   40.6   67.1   71.1
          1970    7.9   12.4   17.5   23.6   25.9   26.7   38.4   50.0   79.5
          1971    7.9   11.4   11.7   14.2   15.2   16.3   24.1   33.0   49.5
          1972    8.9   13.5   16.3   24.1   35.8   37.3   52.3   58.4   70.1
          1973    6.1    8.6   11.4   13.7   21.8   29.0   52.3   63.2   68.1
          1974   10.7   18.5   25.7   43.9   47.5   47.5   49.8   50.0   80.0
          1975    8.4   11.4   12.4   14.0   16.5   23.4   30.5   55.6   70.4
          1976    7.9    9.7   10.9   14.5   18.8   25.1   32.0   36.3   48.0
          1977    8.9   15.0   20.6   31.0   37.6   37.8   48.5   48.5   57.9
          1978    7.5   11.3   11.3   13.0   21.9   23.8   31.6   41.0   42.2
          1979    5.9    8.1   12.1   23.8   35.6   49.9   83.2   91.9   92.2
          1980    7.8   10.6   13.3   15.9   24.2   24.4   28.4   49.2   51.0
          1981    6.4   12.1   12.9   13.8   15.4   21.3   48.0   82.1   84.7
          1982    5.9    9.7   10.5   11.8   12.0   15.8   27.8   40.1   55.8
          1983    5.5    7.6   10.8   16.7   21.8   25.9   45.6   48.7   59.9
          1984    7.9   12.0   17.3   19.7   20.8   24.2   27.8   37.0   60.6
          1985    5.0    8.0   11.2   12.1   12.2   17.9   29.5   42.1   51.5
          1986    5.0   10.0   12.2   17.4   23.8   27.2   50.2   67.8   67.8
          1987    6.4    9.7   11.6   14.0   14.2   26.8   37.0   60.1   73.7
          1988    6.4    8.2   10.3   14.5   17.0   21.2   38.1   44.2   65.1
          1989    5.4    9.1   11.3   17.2   25.2   31.4   46.0   49.3   64.4
          1990    6.5    9.8   11.5   17.2   23.8   25.2   36.0   39.1   43.8
          1991    5.9    8.9    9.9   13.9   15.6   19.1   33.6   44.7   48.2
          1992    4.3    6.5    8.0    8.7   13.9   19.1   39.6   53.0   63.2
          1993    9.8   11.8   15.7   21.1   36.1   43.8   47.6   47.8   50.6
          1994    8.6   15.7   21.5   33.9   39.3   42.3   49.6   49.9   52.8
          1995    5.5    7.7    8.9   10.7   17.6   27.2   47.2   69.0   74.7
          1997    7.4    8.0    8.8   11.9   12.1   16.1   29.9   36.9   62.4
          1998    7.6   11.2   14.2   20.1   24.8   30.9   32.8   35.5   57.1
          1999   11.7   16.0   17.8   19.1   20.4   20.6   33.5   63.0   74.2
          2004    6.4    7.4   11.2   16.0   19.6   23.6   34.2   49.6   62.8
          2005    8.0   10.6   14.0   19.0   22.0   36.6   62.6   71.4   76.4
          2006   11.6   18.2   18.8   19.2   26.0   29.0   35.8   41.8   50.4
          2007    6.8   12.6   16.8   27.8   31.2   31.2   31.4   37.6   58.8
          2008    6.0   10.0   13.8   17.4   18.4   22.8   32.2   40.2   40.2
          2009    8.6   12.8   15.4   17.2   17.6   17.8   23.8   29.2   33.2
          2011    7.8   10.6   11.2   13.2   16.8   22.0   39.6   57.0   73.2
          2012    6.2   10.0   12.2   14.0   14.8   22.0   37.4   46.0   48.0
          2013    8.6   11.0   15.2   23.6   28.2   33.0   34.0   38.8   56.8
          2014    5.4    7.8    9.6   12.0   17.4   26.0   47.0   55.4   57.0
          2015    8.0   13.4   17.6   25.0   31.4   38.8   47.0   54.2   65.6
          2016    9.4   13.2   19.8   23.8   24.0   24.4   36.8   45.0   60.6
          2017   10.4   19.6   22.4   29.6   43.0   43.0   51.4   70.6   97.4
          2018  -99.9  -99.9  -99.9  -99.9  -99.9   23.0   42.2   45.6   53.0
          2019    7.0   10.2   10.2   11.4   14.8   16.8   24.2   38.8   52.6
          2020    8.4   15.0   18.6   25.0   31.8   36.2   44.0   53.0   98.2
          2021    7.2    8.4    9.6   12.8   15.4   21.6   35.6   40.8   45.6
        ---------------------------------------------------------------------
        # Yrs.     48     48     48     48     48     49     49     49     49
        Années
          Mean    7.4   11.0   13.7   18.4   23.0   27.4   39.7   50.2   61.7
       Moyenne
     Std. Dev.    1.7    3.1    4.0    6.9    8.6    8.5   10.8   12.9   14.3
    Écart-type
         Skew.   0.65   1.01   0.97   1.47   1.01   0.91   1.43   1.10   0.66
   Dissymétrie
      Kurtosis   3.27   3.88   3.54   5.97   3.61   3.35   7.22   4.49   3.46
 
          *-99.9 Indicates Missing Data/Données manquantes
 
 Warning: annual maximum amount greater than 100-yr return period amount
 Avertissement : la quantité maximale annuelle excède la quantité
                 pour une période de retour de 100 ans
          Year/Année      Duration/Durée        Data/Données          100-yr/ans
                1974              30 min                43.9                40.0
                1979               6 h                  83.2                73.6
                1979              12 h                  91.9                90.7
 
********************************************************************************
 
Table 2a : Return Period Rainfall Amounts (mm)
           Quantité de pluie (mm) par période de retour
 
********************************************************************************
 
 Duration/Durée        2        5       10       25       50      100   #Years
                  yr/ans   yr/ans   yr/ans   yr/ans   yr/ans   yr/ans   Années
          5 min      7.1      8.6      9.6     10.9     11.8     12.8       48
         10 min     10.5     13.2     15.0     17.3     19.0     20.7       48
         15 min     13.1     16.6     19.0     22.0     24.2     26.4       48
         30 min     17.2     23.3     27.4     32.5     36.3     40.0       48
          1 h       21.6     29.2     34.2     40.5     45.2     49.9       48
          2 h       26.1     33.5     38.5     44.8     49.4     54.1       49
          6 h       38.0     47.5     53.8     61.8     67.8     73.6       49
         12 h       48.1     59.5     67.0     76.6     83.6     90.7       49
         24 h       59.3     72.0     80.4     91.0     98.9    106.7       49
 
********************************************************************************
 
Table 2b :
 
 Return Period Rainfall Rates (mm/h) - 95% Confidence limits
 Intensité de la pluie (mm/h) par période de retour - Limites de confiance de 95%
 
********************************************************************************
 
 Duration/Durée        2        5       10       25       50      100   #Years
                  yr/ans   yr/ans   yr/ans   yr/ans   yr/ans   yr/ans   Années
          5 min     84.8    103.1    115.2    130.5    141.9    153.2       48
                +/-  5.4 +/-  9.1 +/- 12.2 +/- 16.5 +/- 19.7 +/- 23.0       48
         10 min     63.1     79.4     90.2    103.8    113.9    124.0       48
                +/-  4.8 +/-  8.1 +/- 10.9 +/- 14.7 +/- 17.6 +/- 20.5       48
         15 min     52.3     66.6     76.0     88.0     96.8    105.6       48
                +/-  4.2 +/-  7.1 +/-  9.5 +/- 12.9 +/- 15.4 +/- 17.9       48
         30 min     34.5     46.7     54.7     64.9     72.5     80.0       48
                +/-  3.6 +/-  6.0 +/-  8.2 +/- 11.0 +/- 13.2 +/- 15.3       48
          1 h       21.6     29.2     34.2     40.5     45.2     49.9       48
                +/-  2.2 +/-  3.7 +/-  5.1 +/-  6.8 +/-  8.2 +/-  9.5       48
          2 h       13.0     16.8     19.3     22.4     24.7     27.0       49
                +/-  1.1 +/-  1.8 +/-  2.5 +/-  3.3 +/-  4.0 +/-  4.7       49
          6 h        6.3      7.9      9.0     10.3     11.3     12.3       49
                +/-  0.5 +/-  0.8 +/-  1.1 +/-  1.4 +/-  1.7 +/-  2.0       49
         12 h        4.0      5.0      5.6      6.4      7.0      7.6       49
                +/-  0.3 +/-  0.5 +/-  0.6 +/-  0.8 +/-  1.0 +/-  1.2       49
         24 h        2.5      3.0      3.4      3.8      4.1      4.4       49
                +/-  0.2 +/-  0.3 +/-  0.3 +/-  0.5 +/-  0.6 +/-  0.7       49
 
********************************************************************************
 
Table 3 : Interpolation Equation / Équation d'interpolation: R = A*T^B
 
R = Interpolated Rainfall rate (mm/h)/Intensité interpolée de la pluie (mm/h)
RR = Rainfall rate (mm/h) / Intensité de la pluie (mm/h)
 T = Rainfall duration (h) / Durée de la pluie (h)
 
********************************************************************************
 
       Statistics/Statistiques      2      5     10     25     50    100
                               yr/ans yr/ans yr/ans yr/ans yr/ans yr/ans
      Mean of RR/Moyenne de RR   31.3   39.7   45.3   52.3   57.5   62.7
    Std. Dev. /Écart-type (RR)   29.5   36.3   40.9   46.7   51.0   55.3
        Std. Error/Erreur-type    5.7    9.7   12.5   15.9   18.4   20.9
               Coefficient (A)   20.1   25.6   29.2   33.7   37.1   40.4
         Exponent/Exposant (B) -0.641 -0.646 -0.648 -0.650 -0.652 -0.653
 Mean % Error/% erreur moyenne    5.5    8.4    9.7   11.0   11.7   12.3
