                     Environment and Climate Change Canada
                 Environnement et Changement climatique Canada
                                        
           Short Duration Rainfall Intensity-Duration-Frequency Data
          Données sur l'intensité, la durée et la fréquence des chutes
                            de pluie de courte durée
                                        
                 Gumbel - Method of moments/Méthode des moments
                                        
                                   2022/10/31
                                        
================================================================================
 
 DEASE LAKE (AUT)                                       BC        119BLM0       
                     
 Latitude:  58 26'N    Longitude: 130 2'W    Elevation/Altitude: 800        m
 
 Years/Années :  1973 - 2021          # Years/Années :     33   
 
================================================================================
 
********************************************************************************
 
Table 1 : Annual Maximum (mm)/Maximum annuel (mm)
 
********************************************************************************
 
          Year  5 min 10 min 15 min 30 min    1 h    2 h    6 h   12 h   24 h
         Année
          1973    3.6    3.8    4.3    4.3    5.3    6.1   12.7   18.3   20.3
          1974    1.5    2.3    2.5    4.1    7.4   13.2   27.2   33.3   34.8
          1975    2.3    4.1    4.6    4.6    6.9    7.4   10.2   16.3   19.0
          1976    3.6    4.8    5.3    5.3    6.9    7.4    8.9   11.9   14.7
          1977    2.3    3.3    3.8    5.6    6.6    9.1   13.5   16.5   20.1
          1978    1.2    1.7    2.1    2.9    3.3    5.2    8.4   11.1   13.6
          1979    2.0    2.8    3.0    5.4   10.7   13.7   14.4   15.4   18.9
          1980    2.3    3.8    4.7    6.1    6.4    7.3   12.9   24.2   29.2
          1981    1.0    2.0    2.8    4.8    8.2   14.6   31.0   37.9   40.1
          1982    2.1    2.4    2.4    2.6    2.9    4.8    9.7   11.7   12.8
          1983    2.7    3.5    3.9    4.5    6.1    7.8   12.8   18.9   22.7
          1984    2.5    2.9    3.1    3.2    4.1    6.1    8.8   10.8   14.0
          1985    1.7    1.8    2.4    4.4    7.0    9.6   18.5   31.5   43.1
          1986    3.0    4.0    4.7    5.7    8.9   12.1   18.5   21.0   41.9
          1987    2.6    3.2    4.6    5.4    6.1    9.9   15.2   17.3   29.9
          1988    1.2    1.7    2.3    3.5    5.3    7.8   13.1   15.4   24.2
          1989    4.6    4.8    5.2    5.9    6.4    7.2   13.6   18.0   25.2
          1990    2.2    3.0    3.4    5.1    5.7    8.2   15.6   23.0   23.7
          1991    3.8    6.5    8.1    8.1    8.6    9.0   18.4   26.7   31.4
          1992    1.5    1.9    2.4    3.0    4.9    7.1   10.2   12.4   17.0
          1993    2.3    3.3    3.9    4.5    5.0    8.1   19.7   23.6   27.7
          1994    2.2    2.8    3.2    4.6    7.8   14.4   15.6   16.5   22.6
          1995  -99.9  -99.9  -99.9  -99.9    6.5    8.5   14.6   15.6   22.0
          1996  -99.9  -99.9  -99.9  -99.9    5.8    5.8    9.0   10.4   13.7
          1997  -99.9  -99.9  -99.9  -99.9    9.9   10.5   13.9   22.1   41.4
          1998  -99.9  -99.9  -99.9  -99.9   10.6   10.7   13.1   17.3   20.3
          2000  -99.9  -99.9  -99.9  -99.9    7.4    7.6    9.8   13.8   20.0
          2001  -99.9  -99.9  -99.9  -99.9    5.5    9.4   11.8   16.7   21.7
          2002  -99.9  -99.9  -99.9  -99.9    5.8   10.7   21.7   26.7   31.1
          2003  -99.9  -99.9  -99.9  -99.9    6.3    9.4   11.7   15.0   19.9
          2004  -99.9  -99.9  -99.9  -99.9   15.8   20.4   26.9   34.4   36.7
          2005  -99.9  -99.9  -99.9  -99.9   11.1   11.2  -99.9  -99.9   24.6
          2006  -99.9  -99.9  -99.9  -99.9    5.8    9.1   19.7   26.4   38.2
          2007  -99.9  -99.9  -99.9  -99.9   10.2   10.2   17.0   27.3   47.3
          2008    3.0    3.4    3.6    4.2    5.6    7.6   15.4   18.8   25.8
          2009    2.0    2.6    3.4    5.4    6.0    7.2   14.0   19.6   30.4
          2010  -99.9  -99.9  -99.9  -99.9    6.2    7.6    8.0   10.6   11.6
          2011    1.6    3.0    4.0    6.0    6.0    8.5    9.7   16.9   31.2
          2012    2.8    4.6    5.8    8.8    9.0   10.4   10.8   14.6   17.4
          2013    3.6    4.4    4.6    5.2    5.2    6.6   12.2   17.2   24.0
          2014    1.6    2.6    3.6    4.2    6.4    9.0   12.6   15.5   15.5
          2016    1.4    2.0    2.4    3.0    4.8    8.6   15.0   17.8   17.8
          2017    3.8    4.4    4.8    7.2    9.2   10.0   11.4   13.4   14.2
          2018    2.4    3.0    3.4    5.0    6.0    6.8   13.8   15.8   21.0
          2019    2.2    3.0    3.2    3.6    4.8    6.8   11.6   15.4   22.8
          2021    2.0    2.6    2.6    4.6    6.8    7.8   18.4   23.8   28.2
        ---------------------------------------------------------------------
        # Yrs.     33     33     33     33     46     46     45     45     46
        Années
          Mean    2.4    3.2    3.8    4.9    6.9    9.1   14.5   19.0   24.9
       Moyenne
     Std. Dev.    0.9    1.1    1.3    1.4    2.3    2.8    5.0    6.6    9.0
    Écart-type
         Skew.   0.66   0.88   1.29   0.85   1.50   1.72   1.45   1.09   0.73
   Dissymétrie
      Kurtosis   3.24   4.36   6.02   4.45   6.87   7.70   5.50   3.91   2.96
 
          *-99.9 Indicates Missing Data/Données manquantes
 
 Warning: annual maximum amount greater than 100-yr return period amount
 Avertissement : la quantité maximale annuelle excède la quantité
                 pour une période de retour de 100 ans
          Year/Année      Duration/Durée        Data/Données          100-yr/ans
                1981               6 h                  31.0                30.3
                1991              15 min                 8.1                 7.7
                2004               1 h                  15.8                14.1
                2004               2 h                  20.4                18.0
 
********************************************************************************
 
Table 2a : Return Period Rainfall Amounts (mm)
           Quantité de pluie (mm) par période de retour
 
********************************************************************************
 
 Duration/Durée        2        5       10       25       50      100   #Years
                  yr/ans   yr/ans   yr/ans   yr/ans   yr/ans   yr/ans   Années
          5 min      2.2      3.0      3.5      4.2      4.6      5.1       33
         10 min      3.0      4.0      4.6      5.4      6.0      6.6       33
         15 min      3.6      4.7      5.4      6.3      7.0      7.7       33
         30 min      4.6      5.9      6.7      7.7      8.5      9.3       33
          1 h        6.5      8.6      9.9     11.6     12.9     14.1       46
          2 h        8.6     11.1     12.8     14.9     16.4     18.0       46
          6 h       13.6     18.1     21.0     24.8     27.5     30.3       45
         12 h       18.0     23.8     27.7     32.6     36.2     39.8       45
         24 h       23.4     31.4     36.6     43.3     48.2     53.2       46
 
********************************************************************************
 
Table 2b :
 
 Return Period Rainfall Rates (mm/h) - 95% Confidence limits
 Intensité de la pluie (mm/h) par période de retour - Limites de confiance de 95%
 
********************************************************************************
 
 Duration/Durée        2        5       10       25       50      100   #Years
                  yr/ans   yr/ans   yr/ans   yr/ans   yr/ans   yr/ans   Années
          5 min     26.9     36.1     42.2     49.8     55.5     61.2       33
                +/-  3.3 +/-  5.5 +/-  7.4 +/- 10.0 +/- 12.0 +/- 13.9       33
         10 min     18.2     23.9     27.7     32.5     36.1     39.6       33
                +/-  2.0 +/-  3.4 +/-  4.6 +/-  6.2 +/-  7.4 +/-  8.7       33
         15 min     14.2     18.7     21.6     25.4     28.1     30.9       33
                +/-  1.6 +/-  2.7 +/-  3.6 +/-  4.9 +/-  5.8 +/-  6.8       33
         30 min      9.3     11.8     13.4     15.5     17.0     18.5       33
                +/-  0.9 +/-  1.5 +/-  2.0 +/-  2.7 +/-  3.2 +/-  3.7       33
          1 h        6.5      8.6      9.9     11.6     12.9     14.1       46
                +/-  0.6 +/-  1.0 +/-  1.4 +/-  1.9 +/-  2.2 +/-  2.6       46
          2 h        4.3      5.5      6.4      7.4      8.2      9.0       46
                +/-  0.4 +/-  0.6 +/-  0.9 +/-  1.2 +/-  1.4 +/-  1.6       46
          6 h        2.3      3.0      3.5      4.1      4.6      5.0       45
                +/-  0.2 +/-  0.4 +/-  0.5 +/-  0.7 +/-  0.8 +/-  1.0       45
         12 h        1.5      2.0      2.3      2.7      3.0      3.3       45
                +/-  0.1 +/-  0.2 +/-  0.3 +/-  0.5 +/-  0.5 +/-  0.6       45
         24 h        1.0      1.3      1.5      1.8      2.0      2.2       46
                +/-  0.1 +/-  0.2 +/-  0.2 +/-  0.3 +/-  0.4 +/-  0.4       46
 
********************************************************************************
 
Table 3 : Interpolation Equation / Équation d'interpolation: R = A*T^B
 
R = Interpolated Rainfall rate (mm/h)/Intensité interpolée de la pluie (mm/h)
RR = Rainfall rate (mm/h) / Intensité de la pluie (mm/h)
 T = Rainfall duration (h) / Durée de la pluie (h)
 
********************************************************************************
 
       Statistics/Statistiques      2      5     10     25     50    100
                               yr/ans yr/ans yr/ans yr/ans yr/ans yr/ans
      Mean of RR/Moyenne de RR    9.3   12.3   14.3   16.8   18.6   20.4
    Std. Dev. /Écart-type (RR)    8.8   11.8   13.8   16.2   18.1   19.9
        Std. Error/Erreur-type    0.1    0.4    0.6    1.0    1.2    1.4
               Coefficient (A)    6.4    8.4    9.7   11.4   12.6   13.8
         Exponent/Exposant (B) -0.583 -0.581 -0.580 -0.579 -0.579 -0.579
 Mean % Error/% erreur moyenne    1.4    1.8    2.2    2.6    2.9    3.1
