                     Environment and Climate Change Canada
                 Environnement et Changement climatique Canada
                                        
           Short Duration Rainfall Intensity-Duration-Frequency Data
          Données sur l'intensité, la durée et la fréquence des chutes
                            de pluie de courte durée
                                        
                 Gumbel - Method of moments/Méthode des moments
                                        
                                   2022/10/31
                                        
================================================================================
 
 CHETWYND A                                             BC        1181508       
                     
 Latitude:  55 41'N    Longitude: 121 38'W   Elevation/Altitude: 609        m
 
 Years/Années :  1970 - 2016          # Years/Années :     31   
 
================================================================================
 
********************************************************************************
 
Table 1 : Annual Maximum (mm)/Maximum annuel (mm)
 
********************************************************************************
 
          Year  5 min 10 min 15 min 30 min    1 h    2 h    6 h   12 h   24 h
         Année
          1970  -99.9  -99.9  -99.9  -99.9    7.1    9.4    9.7   14.2   20.6
          1971  -99.9  -99.9  -99.9  -99.9   10.2   12.4   18.3   31.2   35.1
          1972  -99.9  -99.9  -99.9  -99.9    8.4   13.0   22.4   28.4   38.1
          1973  -99.9  -99.9  -99.9  -99.9    5.3    8.6   15.2   20.1   27.7
          1974  -99.9  -99.9  -99.9  -99.9   20.8   21.1   31.0   31.0   32.3
          1975  -99.9  -99.9  -99.9  -99.9    8.1   10.2   20.1   33.0   36.1
          1976  -99.9  -99.9  -99.9  -99.9   19.6   23.6   31.2   44.7   73.2
          1977  -99.9  -99.9  -99.9  -99.9    6.3   11.9   24.1   37.6   46.5
          1978  -99.9  -99.9  -99.9  -99.9    8.1   10.0   12.1   18.6   21.6
          1979  -99.9  -99.9  -99.9  -99.9   19.4   22.2   25.2   27.2   31.1
          1980  -99.9  -99.9  -99.9  -99.9   21.3   21.3   30.0   32.4   33.0
          1981  -99.9  -99.9  -99.9  -99.9    6.3    7.3    9.2   10.4   12.9
          1982  -99.9  -99.9  -99.9  -99.9   11.7   17.3   31.0   47.0   47.0
          1983  -99.9  -99.9  -99.9  -99.9   10.7   17.7   28.3   45.4   55.5
          1984    6.7    9.5   11.3   14.3   15.5   15.5   15.7   24.7   32.0
          1985    3.4    3.4    3.4    4.6    7.6    9.7   19.5   26.1   38.3
          1986    4.1    4.1    4.1    4.1    6.0    6.8   13.8   13.9   16.5
          1987    3.3    4.6    5.9    7.4    9.4   12.8  -99.9   51.0   64.4
          1988  -99.9  -99.9  -99.9  -99.9  -99.9  -99.9  -99.9  -99.9   41.8
          1989    8.2    9.0    9.2    9.2    9.2   13.2  -99.9  -99.9   39.6
          1990    3.1    5.4    5.6    8.0   13.1   21.0   23.9   24.0   28.9
          1991    3.4    4.6    5.3    5.9    7.1   10.1   11.2   14.4   24.8
          1992    2.2    3.3    4.3    6.8    7.6    7.6    9.0   13.4   19.4
          1993    3.3    4.5    5.4    5.8    6.9   10.8   23.4   33.1   35.1
          1994    2.8    4.5    5.7    7.0    8.2   12.4   26.5   37.0   46.8
          1995    6.0    7.2    9.2   12.8   15.8   22.8   32.4   46.4   56.0
          1996    2.8    3.5    4.5    6.1    6.6    9.4   22.3   26.3   33.3
          1997    8.8    9.5   13.9   17.1   17.1   17.1   17.6   21.0   22.4
          1998    4.4    4.9    5.2    5.5    5.9    7.6   12.1   19.5   29.6
          2000    2.6    3.2    3.2    3.2    5.2    9.4   22.0   34.0   44.0
          2001    4.0    6.4    8.6   10.0   10.0   12.0   21.8   37.1   50.6
          2002    3.0    4.0    4.2    4.6    5.9    8.1   13.9   20.0   27.5
          2003    4.5    6.6    7.4    9.1   10.1   10.9   23.3   27.1   32.3
          2004   10.2   12.8   13.8   16.0   16.2   19.3   19.5   27.1   34.3
          2005    4.4    5.9    7.3    8.2    8.6   12.4   20.3   21.9   27.9
          2006    2.0    3.0    3.5    4.3    5.3    9.1   15.9   22.9   26.3
          2007    7.1   13.7   17.5   20.0   24.2   26.5   27.5   40.9   52.3
          2008    2.8    4.0    5.4    8.4   11.4   11.6   14.2   23.6   26.8
          2009    4.8    7.4    8.5   13.6   17.3   19.5   24.7   36.4   49.1
          2010    2.4    4.0    5.0    5.0    6.1   10.2   18.8   20.8   22.1
          2011    4.5    7.0    9.4   18.2   28.0   35.6   48.4   54.6   77.3
          2012    6.2    6.6    7.0    7.2    7.8   11.6   18.1   24.3   30.4
          2013    4.7    6.1    7.1    7.5    9.5   11.1   14.8   17.4   28.3
          2014    2.3    3.0    4.2    4.2    5.2    8.3   17.8   25.2   26.1
          2015    3.0    3.9    5.9    6.1    8.2   12.2   30.2   44.3   52.6
          2016    4.4    8.0   10.0   16.0   17.8   28.0   47.6   74.3  118.6
        ---------------------------------------------------------------------
        # Yrs.     31     31     31     31     45     45     43     44     46
        Années
          Mean    4.4    5.9    7.1    8.9   11.0   14.2   21.7   30.1   38.4
       Moyenne
     Std. Dev.    2.1    2.7    3.4    4.7    5.7    6.4    8.7   12.8   18.6
    Écart-type
         Skew.   1.31   1.34   1.37   0.99   1.21   1.34   1.14   1.12   2.13
   Dissymétrie
      Kurtosis   4.43   4.76   4.96   3.08   3.81   4.73   5.15   5.01   9.86
 
          *-99.9 Indicates Missing Data/Données manquantes
 
 Warning: annual maximum amount greater than 100-yr return period amount
 Avertissement : la quantité maximale annuelle excède la quantité
                 pour une période de retour de 100 ans
          Year/Année      Duration/Durée        Data/Données          100-yr/ans
                2011               2 h                  35.6                34.3
                2016              12 h                  74.3                70.4
                2016              24 h                 118.6                96.6
 
********************************************************************************
 
Table 2a : Return Period Rainfall Amounts (mm)
           Quantité de pluie (mm) par période de retour
 
********************************************************************************
 
 Duration/Durée        2        5       10       25       50      100   #Years
                  yr/ans   yr/ans   yr/ans   yr/ans   yr/ans   yr/ans   Années
          5 min      4.0      5.8      7.0      8.6      9.7     10.8       31
         10 min      5.5      7.9      9.5     11.5     13.0     14.5       31
         15 min      6.6      9.6     11.6     14.1     16.0     17.8       31
         30 min      8.1     12.3     15.0     18.5     21.1     23.6       31
          1 h       10.1     15.1     18.5     22.7     25.9     29.0       45
          2 h       13.1     18.8     22.5     27.3     30.8     34.3       45
          6 h       20.3     28.0     33.1     39.6     44.4     49.2       43
         12 h       28.0     39.3     46.8     56.3     63.4     70.4       44
         24 h       35.3     51.8     62.6     76.4     86.5     96.6       46
 
********************************************************************************
 
Table 2b :
 
 Return Period Rainfall Rates (mm/h) - 95% Confidence limits
 Intensité de la pluie (mm/h) par période de retour - Limites de confiance de 95%
 
********************************************************************************
 
 Duration/Durée        2        5       10       25       50      100   #Years
                  yr/ans   yr/ans   yr/ans   yr/ans   yr/ans   yr/ans   Années
          5 min     48.4     70.1     84.5    102.7    116.2    129.6       31
                +/-  8.0 +/- 13.4 +/- 18.1 +/- 24.4 +/- 29.2 +/- 34.0       31
         10 min     32.8     47.3     56.9     69.1     78.1     87.0       31
                +/-  5.3 +/-  8.9 +/- 12.1 +/- 16.3 +/- 19.5 +/- 22.7       31
         15 min     26.3     38.3     46.3     56.4     63.9     71.4       31
                +/-  4.4 +/-  7.4 +/- 10.0 +/- 13.5 +/- 16.2 +/- 18.9       31
         30 min     16.3     24.6     30.0     37.0     42.1     47.2       31
                +/-  3.0 +/-  5.1 +/-  6.9 +/-  9.3 +/- 11.1 +/- 12.9       31
          1 h       10.1     15.1     18.5     22.7     25.9     29.0       45
                +/-  1.5 +/-  2.6 +/-  3.5 +/-  4.7 +/-  5.6 +/-  6.6       45
          2 h        6.6      9.4     11.3     13.6     15.4     17.1       45
                +/-  0.9 +/-  1.4 +/-  2.0 +/-  2.6 +/-  3.2 +/-  3.7       45
          6 h        3.4      4.7      5.5      6.6      7.4      8.2       43
                +/-  0.4 +/-  0.7 +/-  0.9 +/-  1.2 +/-  1.5 +/-  1.7       43
         12 h        2.3      3.3      3.9      4.7      5.3      5.9       44
                +/-  0.3 +/-  0.5 +/-  0.7 +/-  0.9 +/-  1.1 +/-  1.2       44
         24 h        1.5      2.2      2.6      3.2      3.6      4.0       46
                +/-  0.2 +/-  0.3 +/-  0.5 +/-  0.6 +/-  0.8 +/-  0.9       46
 
********************************************************************************
 
Table 3 : Interpolation Equation / Équation d'interpolation: R = A*T^B
 
R = Interpolated Rainfall rate (mm/h)/Intensité interpolée de la pluie (mm/h)
RR = Rainfall rate (mm/h) / Intensité de la pluie (mm/h)
 T = Rainfall duration (h) / Durée de la pluie (h)
 
********************************************************************************
 
       Statistics/Statistiques      2      5     10     25     50    100
                               yr/ans yr/ans yr/ans yr/ans yr/ans yr/ans
      Mean of RR/Moyenne de RR   16.4   23.9   28.9   35.1   39.8   44.4
    Std. Dev. /Écart-type (RR)   16.3   23.6   28.4   34.6   39.1   43.6
        Std. Error/Erreur-type    0.7    1.3    1.7    2.3    2.7    3.1
               Coefficient (A)   10.5   15.3   18.4   22.4   25.3   28.2
         Exponent/Exposant (B) -0.622 -0.628 -0.630 -0.631 -0.632 -0.633
 Mean % Error/% erreur moyenne    2.8    3.5    3.8    4.3    4.7    4.9
