                     Environment and Climate Change Canada
                 Environnement et Changement climatique Canada
                                        
           Short Duration Rainfall Intensity-Duration-Frequency Data
          Données sur l'intensité, la durée et la fréquence des chutes
                            de pluie de courte durée
                                        
                 Gumbel - Method of moments/Méthode des moments
                                        
                                   2022/10/31
                                        
================================================================================
 
 MISSION WEST ABBEY                                     BC        1105192       
                     
 Latitude:  49 9'N     Longitude: 122 16'W   Elevation/Altitude: 197        m
 
 Years/Années :  1963 - 2017          # Years/Années :     54   
 
================================================================================
 
********************************************************************************
 
Table 1 : Annual Maximum (mm)/Maximum annuel (mm)
 
********************************************************************************
 
          Year  5 min 10 min 15 min 30 min    1 h    2 h    6 h   12 h   24 h
         Année
          1963    3.6    5.3    7.9   10.7   17.5   20.8   39.6   44.4   60.7
          1964    3.8    6.1    9.1   13.7   16.8   31.2   41.7   46.2   61.7
          1965    2.0    2.5    3.6    7.1    9.7   17.5   31.2   53.1   71.9
          1966    2.3    4.3    4.8    7.9   15.5   25.7   36.3   50.0   69.3
          1967    6.1    8.4    8.6    8.9   13.0   16.0   33.5   48.8   62.5
          1968    4.8    6.9    7.6   12.7   23.6   26.4   39.6   55.4  103.9
          1969    2.8    4.1    4.8    7.4   11.7   15.7   35.3   54.4   76.5
          1970    7.9   15.5   18.0   22.1   24.6   27.9   31.2   46.0   57.7
          1971    2.8    4.6    5.6    8.9   11.4   17.5   34.5   53.1   77.2
          1972    4.6    8.9   11.2   15.0   17.0   23.9   38.6   52.8   85.3
          1973    3.3    3.6    4.1    7.1   10.9   14.7   26.2   43.9   55.9
          1974    2.5    4.1    4.6    7.6   11.2   13.7   27.4   48.3   79.5
          1975    3.0    3.6    4.8    6.6   10.2   17.0   35.1   53.1   87.9
          1976    2.8    5.6    7.1    9.1    9.9   15.7   29.7   42.2   58.4
          1977    2.5    4.8    5.8    8.6   14.2   18.8   39.4   56.4   64.0
          1978    5.6    7.0    7.9    9.0   11.4   17.2   38.8   47.4   60.6
          1979    3.0    4.9    5.9   10.4   16.1   25.1   32.9   48.6   89.0
          1980    2.7    4.8    6.1    8.8   13.5   20.2   50.2   85.4  101.6
          1981    5.1    7.5   11.1   13.5   23.6   31.9   47.8   60.2   74.4
          1982    2.1    3.3    4.5    6.4    9.1   18.0   38.3   55.5   75.6
          1983    3.5    4.2    5.1    8.5   12.9   18.0   35.5   60.1   97.1
          1984    4.1    6.3    8.8   13.9   17.7   22.5   41.2   55.3   97.2
          1985    3.0    3.9    5.3    6.5    6.5   10.7   28.1   44.9   68.1
          1986    4.7    7.1    8.8   12.9   25.7   41.0   62.1   80.0   97.7
          1987    2.6    3.5    4.6    7.5   13.2   23.2   28.8   42.9   59.4
          1988    2.6    3.5    5.0    7.6   12.2   19.5   38.2   65.5   75.1
          1989    3.6    5.6    8.0   12.6   17.2   27.8   46.2   68.8   89.4
          1990    5.5    9.2   12.0   16.0   21.5   27.2   37.6   60.4  114.7
          1991    2.3    3.5    4.4    6.2    9.9   16.4   29.6   45.5   63.8
          1992    4.6    5.4    6.5    8.2   10.6   14.6   32.2   41.0   70.1
          1993    3.8    4.9    5.7    8.2    9.9   13.3   27.5   44.2   65.9
          1994    3.4    5.2    6.1    7.6   13.7   22.0   33.1   43.8   53.5
          1995    3.1    5.3    6.5    8.6   12.8   18.2   40.6   56.8   86.1
          1996    3.9    5.4    8.2   12.1   16.0   17.5   31.1   45.2   62.1
          1997    4.3    6.5    7.3   10.1   15.4   24.3   46.7   63.8   79.2
          1998    4.3    5.8    6.0    6.8    8.1   13.5   33.4   42.2   55.7
          1999    2.9    3.5    4.8    8.1    9.6   12.3   31.0   50.8   80.1
          2000    2.8    5.2    6.4    8.2   10.1   13.1   23.4   36.5   49.9
          2001    4.7    6.9    8.0    9.4   15.7   22.6   38.0   56.2   78.9
          2002    2.7    3.5    4.5    6.2   10.3   17.7   35.1   46.8   78.6
          2003    3.5    5.6    6.6    9.6   16.2   32.2   52.4   78.6  136.0
          2004    3.7    6.6    7.2    9.9   15.4   22.6   42.5   62.7   85.9
          2005    3.7    4.5    6.0    6.5   11.6   18.8   43.0   63.2   90.6
          2006    3.3    6.6    8.3    8.6   11.4   16.9   38.8   67.9   95.8
          2007    5.2    7.8    8.6   10.2   12.0   17.7   39.6   74.6   99.7
          2008    3.4    4.8    7.0    8.2    9.8   17.6   31.5   40.6   47.3
          2009    4.6    9.0    9.9   11.5   12.9   19.3   29.0   51.8   86.3
          2010    4.3    5.2    7.8   10.2   10.9   18.9   34.4   61.1   77.6
          2011    3.4    3.8    3.9    5.5    8.5   13.1   28.5   42.1   57.5
          2012    3.5    6.7    9.1   12.0   12.2   12.4   21.8   33.6   47.0
          2013    5.0    8.6    9.0    9.4   13.0   16.9   31.2   55.0   80.3
          2014    3.6    5.2    7.4   10.5   16.3   24.2   32.7   53.8   72.1
          2016    2.9    5.3    7.1    8.8   15.0   22.9   32.9   39.3   58.8
          2017    2.7    5.0    6.0    8.1   14.0   24.2   45.1   58.6   65.4
        ---------------------------------------------------------------------
        # Yrs.     54     54     54     54     54     54     54     54     54
        Années
          Mean    3.7    5.6    7.0    9.6   13.7   20.1   36.1   53.3   75.9
       Moyenne
     Std. Dev.    1.1    2.1    2.5    3.0    4.2    6.0    7.5   11.1   17.9
    Écart-type
         Skew.   1.23   2.10   1.84   1.78   1.13   1.08   0.93   0.88   0.82
   Dissymétrie
      Kurtosis   5.46  10.74   9.22   7.94   4.29   4.76   4.83   3.85   4.21
 
          *-99.9 Indicates Missing Data/Données manquantes
 
 Warning: annual maximum amount greater than 100-yr return period amount
 Avertissement : la quantité maximale annuelle excède la quantité
                 pour une période de retour de 100 ans
          Year/Année      Duration/Durée        Data/Données          100-yr/ans
                1970               5 min                 7.9                 7.2
                1970              10 min                15.5                12.3
                1970              15 min                18.0                14.8
                1970              30 min                22.1                18.9
                1986               2 h                  41.0                38.8
                1986               6 h                  62.1                59.6
                2003              24 h                 136.0               132.0
 
********************************************************************************
 
Table 2a : Return Period Rainfall Amounts (mm)
           Quantité de pluie (mm) par période de retour
 
********************************************************************************
 
 Duration/Durée        2        5       10       25       50      100   #Years
                  yr/ans   yr/ans   yr/ans   yr/ans   yr/ans   yr/ans   Années
          5 min      3.5      4.5      5.2      6.0      6.6      7.2       54
         10 min      5.3      7.2      8.4     10.0     11.1     12.3       54
         15 min      6.6      8.8     10.2     12.1     13.4     14.8       54
         30 min      9.1     11.7     13.4     15.6     17.3     18.9       54
          1 h       13.0     16.7     19.2     22.3     24.7     27.0       54
          2 h       19.2     24.4     27.9     32.3     35.6     38.8       54
          6 h       34.9     41.5     45.9     51.4     55.5     59.6       54
         12 h       51.5     61.3     67.7     75.9     82.0     88.0       54
         24 h       72.9     88.7     99.2    112.4    122.3    132.0       54
 
********************************************************************************
 
Table 2b :
 
 Return Period Rainfall Rates (mm/h) - 95% Confidence limits
 Intensité de la pluie (mm/h) par période de retour - Limites de confiance de 95%
 
********************************************************************************
 
 Duration/Durée        2        5       10       25       50      100   #Years
                  yr/ans   yr/ans   yr/ans   yr/ans   yr/ans   yr/ans   Années
          5 min     41.9     53.9     61.8     71.9     79.3     86.7       54
                +/-  3.3 +/-  5.6 +/-  7.6 +/- 10.2 +/- 12.2 +/- 14.2       54
         10 min     31.8     43.0     50.4     59.8     66.7     73.6       54
                +/-  3.1 +/-  5.2 +/-  7.1 +/-  9.5 +/- 11.4 +/- 13.3       54
         15 min     26.5     35.2     41.0     48.3     53.7     59.1       54
                +/-  2.4 +/-  4.1 +/-  5.5 +/-  7.4 +/-  8.9 +/- 10.3       54
         30 min     18.1     23.4     26.9     31.2     34.5     37.7       54
                +/-  1.5 +/-  2.5 +/-  3.3 +/-  4.5 +/-  5.3 +/-  6.2       54
          1 h       13.0     16.7     19.2     22.3     24.7     27.0       54
                +/-  1.0 +/-  1.7 +/-  2.4 +/-  3.2 +/-  3.8 +/-  4.4       54
          2 h        9.6     12.2     14.0     16.2     17.8     19.4       54
                +/-  0.7 +/-  1.2 +/-  1.7 +/-  2.2 +/-  2.7 +/-  3.1       54
          6 h        5.8      6.9      7.6      8.6      9.3      9.9       54
                +/-  0.3 +/-  0.5 +/-  0.7 +/-  0.9 +/-  1.1 +/-  1.3       54
         12 h        4.3      5.1      5.6      6.3      6.8      7.3       54
                +/-  0.2 +/-  0.4 +/-  0.5 +/-  0.7 +/-  0.8 +/-  1.0       54
         24 h        3.0      3.7      4.1      4.7      5.1      5.5       54
                +/-  0.2 +/-  0.3 +/-  0.4 +/-  0.6 +/-  0.7 +/-  0.8       54
 
********************************************************************************
 
Table 3 : Interpolation Equation / Équation d'interpolation: R = A*T^B
 
R = Interpolated Rainfall rate (mm/h)/Intensité interpolée de la pluie (mm/h)
RR = Rainfall rate (mm/h) / Intensité de la pluie (mm/h)
 T = Rainfall duration (h) / Durée de la pluie (h)
 
********************************************************************************
 
       Statistics/Statistiques      2      5     10     25     50    100
                               yr/ans yr/ans yr/ans yr/ans yr/ans yr/ans
      Mean of RR/Moyenne de RR   17.1   22.2   25.6   29.9   33.1   36.3
    Std. Dev. /Écart-type (RR)   13.6   18.0   21.0   24.7   27.5   30.2
        Std. Error/Erreur-type    0.6    1.6    2.4    3.3    4.0    4.7
               Coefficient (A)   13.4   17.0   19.5   22.5   24.7   26.9
         Exponent/Exposant (B) -0.466 -0.486 -0.496 -0.505 -0.510 -0.514
 Mean % Error/% erreur moyenne    1.9    2.8    3.6    4.3    4.8    5.1
