                     Environment and Climate Change Canada
                 Environnement et Changement climatique Canada
                                        
           Short Duration Rainfall Intensity-Duration-Frequency Data
          Données sur l'intensité, la durée et la fréquence des chutes
                            de pluie de courte durée
                                        
                 Gumbel - Method of moments/Méthode des moments
                                        
                                   2022/10/31
                                        
================================================================================
 
 PENTICTON A                                            BC        1126150       
 (composite)         
 Latitude:  49 28'N    Longitude: 119 36'W   Elevation/Altitude: 344        m
 
 Years/Années :  1953 - 2002          # Years/Années :     45   
 
================================================================================
 
********************************************************************************
 
Table 1 : Annual Maximum (mm)/Maximum annuel (mm)
 
********************************************************************************
 
          Year  5 min 10 min 15 min 30 min    1 h    2 h    6 h   12 h   24 h
         Année
          1953    2.5    3.3    4.3    5.3    7.4    9.7   13.0   14.5   20.6
          1954    2.0    3.8    5.6    7.1    7.4   12.4   20.6   24.9   25.7
          1955    3.0    4.3    4.8    4.8    7.1    8.9   13.0   14.2   15.7
          1956    1.3    2.0    2.5    3.3    4.6    8.6   15.7   15.7   15.7
          1957    3.6    4.1    4.1    4.1    4.1    6.1   15.0   19.3   29.0
          1958    8.1   14.5   17.3   21.1   25.1   25.4   25.4   25.4   25.4
          1959    2.3    2.5    2.8    4.3    4.3    7.6   13.5   16.8   18.0
          1960    2.3    4.3    5.6    5.6    5.6    8.6   13.2   14.5   15.0
          1961    3.6    4.3    5.3    6.3    6.9   10.9   13.5   19.8   21.1
          1962    2.8    4.8    5.3    5.6    6.3    8.4   13.2   13.2   19.0
          1963    1.8    3.0    3.8    4.8    7.4   13.2   15.5   15.7   19.0
          1964    4.3    8.6    9.4   14.2   19.8   23.9   24.1   26.7   26.9
          1965    2.5    4.8    5.6    7.1   10.2   13.0   14.5   17.5   17.8
          1966  -99.9  -99.9  -99.9    6.9    9.9   13.0   15.5   15.5   15.7
          1969    1.8    2.8    4.1    5.8    8.6    9.7   14.5   15.2   18.3
          1972    4.6    7.1    8.6   12.4   13.5   16.3   22.1   26.4   26.9
          1973    1.8    2.5    3.3    5.8    8.1   10.2   17.3   21.8   23.9
          1974    6.9   11.9   14.0   19.8   20.6   22.4   23.1   23.6   23.6
          1975    2.5    4.1    5.1    6.9    7.6   10.7   17.3   17.3   17.8
          1976    2.5    4.3    4.8    7.1    8.6    9.4   18.5   18.5   18.5
          1977    3.0    5.1    6.6   10.9   14.7   15.0   17.3   18.5   20.1
          1978    2.2    2.6    3.1    4.2    5.9   10.1   14.4   17.4   18.8
          1979    2.8    3.6    4.6    7.6   14.5   20.6   22.4   24.1   28.1
          1980    2.7    3.5    3.8    5.9   11.1   13.9   15.6   16.3   18.6
          1981    2.9    5.3    6.0    7.3    9.0   13.2   18.8   20.7   25.4
          1982    6.7    9.2   12.3   12.9   16.2   20.8   22.4   22.7   41.8
          1983    5.6    7.1    7.7    9.4   10.4   12.6   18.2   25.5   28.5
          1984    3.7    4.2    4.2    4.6    6.0   11.1   16.0   17.4   22.8
          1985    9.6   11.6   12.2   12.4   12.7   13.5   16.2   23.2   25.2
          1986    7.4    9.1    9.1    9.1   12.0   12.4   14.2   14.2   21.4
          1987    3.2    3.4    3.4    4.8    6.9   12.5   25.4   30.5   31.5
          1988    2.7    4.4    5.4    7.3    9.8   16.0   29.0   37.9   38.4
          1989   12.2   15.3   19.2   25.2   27.3   29.8   37.4   42.7   47.8
          1990    4.0    4.5    4.8    5.0    7.7   12.5   17.7   25.5   32.5
          1991    3.0    4.2    4.4    4.7    5.0    8.3    8.6   14.8   18.3
          1992    2.3    2.9    3.9    5.4    8.9   14.0   22.0   28.9   33.0
          1993    3.5    4.4    6.1    7.5    8.5   10.7   15.3   21.9   27.3
          1994    3.1    3.8    4.8    8.4   10.8   11.4   14.7   21.8   22.0
          1995    3.0    3.8    3.8    5.2    8.9   12.2   13.9   21.4   21.6
          1996    3.2    4.0    4.5    5.9    8.0   14.0   19.1   21.6   24.2
          1997    6.6   11.6   12.5   17.7   23.7   26.2   26.3   26.3   26.3
          1998    5.9    7.1    8.1    9.1   10.3   13.0   19.3   25.7   30.0
          1999    3.0    3.9    4.2    6.2    9.9   11.6   19.0   19.4   19.4
          2000    3.7    5.1    5.9    6.5    8.2   10.1   13.8   17.7   22.4
          2001    2.6    3.8    4.4    6.6   13.0   13.7   13.7   15.7   16.9
          2002    1.5    2.6    3.3    3.5    5.5    6.4  -99.9  -99.9   16.8
        ---------------------------------------------------------------------
        # Yrs.     45     45     45     46     46     46     45     45     46
        Années
          Mean    3.8    5.4    6.3    8.1   10.4   13.3   18.0   21.1   23.8
       Moyenne
     Std. Dev.    2.3    3.2    3.8    4.8    5.4    5.3    5.2    6.2    7.0
    Écart-type
         Skew.   1.91   1.70   1.90   2.01   1.62   1.45   1.44   1.41   1.40
   Dissymétrie
      Kurtosis   6.97   5.34   6.44   6.99   5.46   4.95   6.19   5.94   5.51
 
          *-99.9 Indicates Missing Data/Données manquantes
 
 Warning: annual maximum amount greater than 100-yr return period amount
 Avertissement : la quantité maximale annuelle excède la quantité
                 pour une période de retour de 100 ans
          Year/Année      Duration/Durée        Data/Données          100-yr/ans
                1989               5 min                12.2                10.9
                1989              15 min                19.2                18.1
                1989              30 min                25.2                23.1
                1989               6 h                  37.4                34.4
                1989              12 h                  42.7                40.4
                1989              24 h                  47.8                45.8
 
********************************************************************************
 
Table 2a : Return Period Rainfall Amounts (mm)
           Quantité de pluie (mm) par période de retour
 
********************************************************************************
 
 Duration/Durée        2        5       10       25       50      100   #Years
                  yr/ans   yr/ans   yr/ans   yr/ans   yr/ans   yr/ans   Années
          5 min      3.4      5.4      6.7      8.4      9.6     10.9       45
         10 min      4.9      7.7      9.6     12.0     13.7     15.5       45
         15 min      5.7      9.0     11.2     14.0     16.1     18.1       45
         30 min      7.3     11.5     14.3     17.9     20.5     23.1       46
          1 h        9.5     14.3     17.5     21.5     24.4     27.4       46
          2 h       12.5     17.2     20.3     24.2     27.1     30.0       46
          6 h       17.1     21.8     24.8     28.7     31.6     34.4       45
         12 h       20.1     25.5     29.1     33.7     37.0     40.4       45
         24 h       22.6     28.8     32.9     38.1     42.0     45.8       46
 
********************************************************************************
 
Table 2b :
 
 Return Period Rainfall Rates (mm/h) - 95% Confidence limits
 Intensité de la pluie (mm/h) par période de retour - Limites de confiance de 95%
 
********************************************************************************
 
 Duration/Durée        2        5       10       25       50      100   #Years
                  yr/ans   yr/ans   yr/ans   yr/ans   yr/ans   yr/ans   Années
          5 min     41.0     64.9     80.8    100.8    115.6    130.4       45
                +/-  7.3 +/- 12.2 +/- 16.5 +/- 22.3 +/- 26.7 +/- 31.1       45
         10 min     29.2     46.3     57.6     71.8     82.4     92.9       45
                +/-  5.2 +/-  8.7 +/- 11.8 +/- 15.9 +/- 19.0 +/- 22.1       45
         15 min     22.8     36.1     44.9     56.1     64.3     72.5       45
                +/-  4.0 +/-  6.8 +/-  9.2 +/- 12.4 +/- 14.8 +/- 17.3       45
         30 min     14.6     23.0     28.6     35.7     41.0     46.2       46
                +/-  2.5 +/-  4.3 +/-  5.8 +/-  7.8 +/-  9.3 +/- 10.9       46
          1 h        9.5     14.3     17.5     21.5     24.4     27.4       46
                +/-  1.4 +/-  2.4 +/-  3.3 +/-  4.4 +/-  5.3 +/-  6.1       46
          2 h        6.2      8.6     10.1     12.1     13.5     15.0       46
                +/-  0.7 +/-  1.2 +/-  1.6 +/-  2.2 +/-  2.6 +/-  3.0       46
          6 h        2.9      3.6      4.1      4.8      5.3      5.7       45
                +/-  0.2 +/-  0.4 +/-  0.5 +/-  0.7 +/-  0.9 +/-  1.0       45
         12 h        1.7      2.1      2.4      2.8      3.1      3.4       45
                +/-  0.1 +/-  0.2 +/-  0.3 +/-  0.4 +/-  0.5 +/-  0.6       45
         24 h        0.9      1.2      1.4      1.6      1.7      1.9       46
                +/-  0.1 +/-  0.1 +/-  0.2 +/-  0.2 +/-  0.3 +/-  0.3       46
 
********************************************************************************
 
Table 3 : Interpolation Equation / Équation d'interpolation: R = A*T^B
 
R = Interpolated Rainfall rate (mm/h)/Intensité interpolée de la pluie (mm/h)
RR = Rainfall rate (mm/h) / Intensité de la pluie (mm/h)
 T = Rainfall duration (h) / Durée de la pluie (h)
 
********************************************************************************
 
       Statistics/Statistiques      2      5     10     25     50    100
                               yr/ans yr/ans yr/ans yr/ans yr/ans yr/ans
      Mean of RR/Moyenne de RR   14.3   22.2   27.5   34.1   39.0   43.9
    Std. Dev. /Écart-type (RR)   14.0   22.5   28.1   35.2   40.4   45.7
        Std. Error/Erreur-type    2.2    4.6    6.3    8.5   10.2   11.8
               Coefficient (A)    8.9   12.9   15.6   18.9   21.4   23.8
         Exponent/Exposant (B) -0.666 -0.716 -0.735 -0.752 -0.762 -0.769
 Mean % Error/% erreur moyenne    6.3    6.9    7.4    8.1    8.5    8.8
