                     Environment and Climate Change Canada
                 Environnement et Changement climatique Canada
                                        
           Short Duration Rainfall Intensity-Duration-Frequency Data
          Données sur l'intensité, la durée et la fréquence des chutes
                            de pluie de courte durée
                                        
                 Gumbel - Method of moments/Méthode des moments
                                        
                                   2022/10/31
                                        
================================================================================
 
 BLUE RIVER CS                                          BC        1160H99       
                     
 Latitude:  52 8'N     Longitude: 119 17'W   Elevation/Altitude: 682        m
 
 Years/Années :  1970 - 2021          # Years/Années :     50   
 
================================================================================
 
********************************************************************************
 
Table 1 : Annual Maximum (mm)/Maximum annuel (mm)
 
********************************************************************************
 
          Year  5 min 10 min 15 min 30 min    1 h    2 h    6 h   12 h   24 h
         Année
          1970    2.3    4.1    4.6    5.6    6.6    8.1   12.4   17.0   25.1
          1971    2.3    3.0    3.0    4.1    7.6   13.5   21.3   21.3   26.2
          1972    3.3    5.3    6.6    8.4    8.4    9.7   17.0   19.0   29.2
          1973    3.6    4.3    5.1    6.3   11.7   15.2   20.8   28.4   33.5
          1974    2.5    3.6    5.3    6.9    6.9    8.6   14.7   17.5   20.6
          1975    3.3    4.1    6.1    7.4   10.9   16.8   29.0   33.0   37.1
          1976    2.8    4.1    4.6    6.6   10.9   12.2   18.3   26.9   38.6
          1977    3.6    3.6    3.8    5.3    8.1   12.2   13.5   17.3   19.3
          1978    3.2    4.1    5.4    6.6   10.1   10.7   17.5   30.1   43.9
          1979    3.4    5.0    5.7    7.8    8.4   10.0   15.3   16.9   23.2
          1980    8.2    9.1    9.1    9.5    9.6   10.0   18.0   28.3   38.8
          1981   14.1   17.1   19.4   21.5   22.9   24.1   25.3   27.1   41.6
          1982    2.1    3.5    3.9    4.3    6.3    8.2   13.4   20.4   31.4
          1983    6.2    6.4    6.4    6.4    8.9   11.8   18.4   28.1   38.7
          1984    2.3    4.0    5.8    5.8   10.4   10.8   21.2   28.6   36.3
          1985    4.7    8.5   10.7   12.3   15.2   20.7   22.2   26.6   31.5
          1986    2.7    4.5    6.0    8.1   10.7   15.4   17.4   17.7   21.2
          1987    3.6    5.8    6.4    7.9    9.5   14.1   21.4   23.9   24.7
          1988    3.7    3.7    4.7    5.6    7.8    9.9   14.8   20.4   24.7
          1989    2.8    3.1    3.7    5.5    8.2   12.5   22.2   28.0   30.9
          1990    4.4    6.1    6.1    6.1    6.2    8.3   20.0   32.1   37.4
          1991    2.4    2.9    3.2    5.5    8.8   11.1   19.6   23.9   30.6
          1992    3.3    4.6    4.8    6.4    7.6    9.2  -99.9  -99.9   32.6
          1993    4.1    7.1    8.6   10.6   14.0   14.9   15.1   19.0   22.8
          1994    4.7    5.2    6.5    7.4    9.7   10.5   17.4   20.6   28.1
          1995    2.7    4.8    6.7    9.0   13.3   16.9   18.8   26.8   37.2
          1996    9.7   12.0   12.2   12.2   12.2   12.2   16.7   19.4   25.9
          1997    4.8    5.0    5.8    6.9   10.4   15.4   24.8   29.8   38.7
          1998    3.1    4.8    6.2    6.9    7.5   13.0   21.7   26.8   30.2
          1999    5.0    5.8    7.0    9.5   11.3   11.7   23.5   40.7   45.7
          2000    3.3    5.6    6.3    6.9   11.1   11.1   18.6   33.1   37.4
          2001    2.1    2.7    2.9    4.1    7.7   12.0   21.7   40.8   59.3
          2002    3.4    5.9    8.0   13.9   16.0   16.0   21.6   30.7   37.6
          2003    3.8    5.8    6.4    6.4    6.4    9.7   23.7   39.4   51.3
          2004    3.6    4.1    5.6    6.7    9.1   16.1   27.8   31.7   41.9
          2005    3.9    5.7    7.1   10.5   13.4   15.6   20.9   28.2   31.2
          2006    5.8    7.1    8.7   17.3   19.4   19.6   32.7   43.2   49.0
          2007    3.6    4.7    4.9    6.3    9.4   14.9   17.1   26.6   48.5
          2008    2.3    3.6    4.5    5.9    7.9    8.9   16.8   26.8   39.8
          2009    3.9    5.1    6.3    8.3    9.9   11.6   14.0   20.5   25.0
          2010    5.5   10.7   12.4   13.0   13.6   15.3  -99.9  -99.9  -99.9
          2011    3.0    4.9    5.1    8.1   10.8   15.1   21.7   27.7   32.3
          2012    4.5    5.1    6.6   10.3   13.5   16.2   21.7   35.2   42.9
          2013    6.3    8.5    9.4   10.3   11.1   11.8   15.0   17.2   28.0
          2014    4.9    6.4    7.0   10.2   12.4   14.7   23.7   26.7   35.5
          2015    2.4    2.4    3.2    4.0    7.4   11.4   23.6   28.4   28.4
          2016    3.5    4.3    5.2    7.6   14.9   15.4   16.6   18.2   29.8
          2017    2.4    3.0    4.0    7.4   12.6   18.4   24.4   25.2   30.2
          2018    3.6    6.2    7.8   10.0   12.4   15.0   22.6   32.0   41.4
          2019    4.4    7.8    9.6   12.8   16.6   18.8   25.8   28.6   44.4
          2020    6.8    7.0    7.0    7.0    8.4   13.4   22.2   30.4   45.8
          2021    2.4    3.8    4.0    6.2    8.8   13.6   27.8   35.6   42.8
        ---------------------------------------------------------------------
        # Yrs.     52     52     52     52     52     52     50     50     51
        Années
          Mean    4.0    5.5    6.5    8.2   10.6   13.3   20.2   26.8   34.7
       Moyenne
     Std. Dev.    2.1    2.6    2.8    3.3    3.4    3.4    4.4    6.7    8.8
    Écart-type
         Skew.   2.78   2.36   2.27   1.83   1.36   0.73   0.45   0.39   0.42
   Dissymétrie
      Kurtosis  13.28  10.87  11.05   7.71   5.65   3.80   3.25   2.95   3.05
 
          *-99.9 Indicates Missing Data/Données manquantes
 
 Warning: annual maximum amount greater than 100-yr return period amount
 Avertissement : la quantité maximale annuelle excède la quantité
                 pour une période de retour de 100 ans
          Year/Année      Duration/Durée        Data/Données          100-yr/ans
                1981               5 min                14.1                10.6
                1981              10 min                17.1                13.5
                1981              15 min                19.4                15.3
                1981              30 min                21.5                18.6
                1981               1 h                  22.9                21.2
                1981               2 h                  24.1                24.1
 
********************************************************************************
 
Table 2a : Return Period Rainfall Amounts (mm)
           Quantité de pluie (mm) par période de retour
 
********************************************************************************
 
 Duration/Durée        2        5       10       25       50      100   #Years
                  yr/ans   yr/ans   yr/ans   yr/ans   yr/ans   yr/ans   Années
          5 min      3.7      5.6      6.8      8.3      9.5     10.6       52
         10 min      5.1      7.3      8.8     10.7     12.1     13.5       52
         15 min      6.0      8.5     10.1     12.2     13.7     15.3       52
         30 min      7.6     10.6     12.5     14.9     16.8     18.6       52
          1 h       10.1     13.1     15.0     17.5     19.4     21.2       52
          2 h       12.7     15.8     17.8     20.3     22.2     24.1       52
          6 h       19.5     23.4     26.0     29.2     31.6     34.0       50
         12 h       25.7     31.7     35.6     40.5     44.2     47.8       50
         24 h       33.2     41.0     46.1     52.6     57.4     62.1       51
 
********************************************************************************
 
Table 2b :
 
 Return Period Rainfall Rates (mm/h) - 95% Confidence limits
 Intensité de la pluie (mm/h) par période de retour - Limites de confiance de 95%
 
********************************************************************************
 
 Duration/Durée        2        5       10       25       50      100   #Years
                  yr/ans   yr/ans   yr/ans   yr/ans   yr/ans   yr/ans   Années
          5 min     44.4     66.6     81.3     99.9    113.7    127.3       52
                +/-  6.3 +/- 10.6 +/- 14.3 +/- 19.2 +/- 23.0 +/- 26.8       52
         10 min     30.4     44.0     53.0     64.3     72.7     81.1       52
                +/-  3.8 +/-  6.4 +/-  8.7 +/- 11.7 +/- 14.0 +/- 16.4       52
         15 min     24.0     33.9     40.5     48.8     55.0     61.1       52
                +/-  2.8 +/-  4.7 +/-  6.4 +/-  8.6 +/- 10.3 +/- 12.0       52
         30 min     15.3     21.1     25.0     29.9     33.5     37.1       52
                +/-  1.7 +/-  2.8 +/-  3.8 +/-  5.1 +/-  6.1 +/-  7.1       52
          1 h       10.1     13.1     15.0     17.5     19.4     21.2       52
                +/-  0.8 +/-  1.4 +/-  1.9 +/-  2.6 +/-  3.1 +/-  3.6       52
          2 h        6.4      7.9      8.9     10.2     11.1     12.0       52
                +/-  0.4 +/-  0.7 +/-  1.0 +/-  1.3 +/-  1.6 +/-  1.8       52
          6 h        3.3      3.9      4.3      4.9      5.3      5.7       50
                +/-  0.2 +/-  0.3 +/-  0.4 +/-  0.6 +/-  0.7 +/-  0.8       50
         12 h        2.1      2.6      3.0      3.4      3.7      4.0       50
                +/-  0.1 +/-  0.2 +/-  0.3 +/-  0.4 +/-  0.5 +/-  0.6       50
         24 h        1.4      1.7      1.9      2.2      2.4      2.6       51
                +/-  0.1 +/-  0.2 +/-  0.2 +/-  0.3 +/-  0.3 +/-  0.4       51
 
********************************************************************************
 
Table 3 : Interpolation Equation / Équation d'interpolation: R = A*T^B
 
R = Interpolated Rainfall rate (mm/h)/Intensité interpolée de la pluie (mm/h)
RR = Rainfall rate (mm/h) / Intensité de la pluie (mm/h)
 T = Rainfall duration (h) / Durée de la pluie (h)
 
********************************************************************************
 
       Statistics/Statistiques      2      5     10     25     50    100
                               yr/ans yr/ans yr/ans yr/ans yr/ans yr/ans
      Mean of RR/Moyenne de RR   15.3   21.6   25.9   31.2   35.2   39.1
    Std. Dev. /Écart-type (RR)   14.9   22.4   27.4   33.7   38.3   43.0
        Std. Error/Erreur-type    0.7    0.7    0.9    1.2    1.5    1.7
               Coefficient (A)    9.9   13.2   15.4   18.1   20.1   22.1
         Exponent/Exposant (B) -0.618 -0.657 -0.673 -0.689 -0.698 -0.705
 Mean % Error/% erreur moyenne    1.4    2.9    3.8    4.7    5.2    5.6
