                     Environment and Climate Change Canada
                 Environnement et Changement climatique Canada
                                        
           Short Duration Rainfall Intensity-Duration-Frequency Data
          Données sur l'intensité, la durée et la fréquence des chutes
                            de pluie de courte durée
                                        
                 Gumbel - Method of moments/Méthode des moments
                                        
                                   2022/10/31
                                        
================================================================================
 
 WHISTLER - NESTERS                                     BC        1100875       
                     
 Latitude:  50 8'N     Longitude: 122 57'W   Elevation/Altitude: 659        m
 
 Years/Années :  1969 - 2021          # Years/Années :     32   
 
================================================================================
 
********************************************************************************
 
Table 1 : Annual Maximum (mm)/Maximum annuel (mm)
 
********************************************************************************
 
          Year  5 min 10 min 15 min 30 min    1 h    2 h    6 h   12 h   24 h
         Année
          1969    2.5    4.6    5.8    7.6    9.1   11.4   20.1   27.9   37.8
          1970    1.5    2.0    2.5    4.6    5.8    8.9   16.3   25.4   38.6
          1971    1.5    1.8    2.5    4.8    7.6   11.7   19.3   31.0   42.4
          1972    1.8    3.3    4.3    6.1    6.3   10.2   23.4   35.1   55.1
          1973    2.0    3.6    4.3    5.3    8.6   11.7   17.3   27.4   38.6
          1974    0.8    1.3    2.0    2.8    5.3    9.4   16.8   18.5   23.9
          1975    1.8    3.3    3.6    4.6    6.6   10.4   26.4   49.3   80.5
          1978  -99.9  -99.9  -99.9  -99.9    8.5   15.7   25.2   37.8   47.4
          1979  -99.9  -99.9  -99.9  -99.9    9.6   13.1   17.8   24.9   37.1
          1980  -99.9  -99.9  -99.9  -99.9    7.1   11.6   17.9   25.6   35.9
          1981  -99.9  -99.9  -99.9  -99.9    7.4   12.1   27.9   38.6   65.6
          1982  -99.9  -99.9  -99.9  -99.9    5.8    9.9   20.6   26.9   35.6
          1983  -99.9  -99.9  -99.9  -99.9    6.8   10.9   19.5   31.5   51.8
          1984  -99.9  -99.9  -99.9  -99.9    6.7   10.1   21.2   38.0   62.8
          1985  -99.9  -99.9  -99.9  -99.9    5.6    8.4   15.9   17.2   26.3
          1986    1.4    2.3    2.3    3.9    6.2    7.1   13.6   19.9   29.7
          1987    2.5    3.4    4.1    6.0    8.4   10.8  -99.9  -99.9   45.6
          1988    1.8    2.9    3.7    5.7    7.1   10.0   22.8   32.8   43.1
          1989    2.3    3.1    3.5    5.2    7.6   11.1   16.3   29.4   49.6
          1990    2.0    2.6    3.1    4.3    6.3   10.4  -99.9  -99.9   72.0
          1991    1.8    2.6    3.0    3.8    6.2   11.1   24.6   47.8   82.9
          1992    3.1    4.3    4.7    6.1   11.4   15.7   22.7  -99.9  -99.9
          1995    1.6    2.5    3.5    5.7    6.6    9.0   16.8   25.0   46.0
          1996    1.9    2.5    2.9    4.6    6.8    9.9   24.1   33.5   42.2
          1997    2.5    3.2    3.4    5.3    9.6   12.0   22.3  -99.9  -99.9
          2000    1.9    2.5    3.7    5.8    7.9    9.6   18.7   24.1   43.2
          2001    1.2    2.3    2.9    4.7    7.1   10.7   20.3   31.4   44.6
          2002    1.5    2.6    3.3    4.6    7.8   14.7   18.3  -99.9  -99.9
          2003    1.4    1.9    2.8    3.9    7.8   12.3   31.8   54.9   85.0
          2004    1.5    2.4    2.7    4.3    8.3   14.8   29.4   36.6   47.8
          2008    3.0    3.8    5.6    6.8    7.4    8.2   17.4   25.0   37.2
          2013    2.8    4.2    5.6    7.4    8.0   10.2   15.6   26.8   49.7
          2014    1.8    2.0    2.2    4.0    6.8   11.6   29.2   52.0   73.0
          2015    1.6    2.0    2.8    4.2    7.0   10.6   24.4   32.8   39.0
          2016    2.2    3.8    4.4    6.8    7.8   14.2   28.1   46.9   61.4
          2017    1.0    1.8    2.6    4.6    8.6   14.8   29.8   45.2   52.6
          2018    2.0    2.8    3.4    5.4    8.6   15.0   27.8   32.6   50.0
          2019    1.6    3.0    4.0    6.0   10.2   18.6   31.2   40.2   42.4
          2020    1.6    2.8    4.0    6.8   11.2   16.6   33.2   48.0   63.8
          2021    3.4    5.8    6.6    6.8    8.4   12.2   30.4   59.0   81.0
        ---------------------------------------------------------------------
        # Yrs.     32     32     32     32     40     40     38     35     37
        Années
          Mean    1.9    2.9    3.6    5.3    7.6   11.7   22.5   34.3   50.3
       Moyenne
     Std. Dev.    0.6    0.9    1.1    1.2    1.4    2.5    5.4   10.6   16.0
    Écart-type
         Skew.   0.70   1.01   0.95   0.20   0.80   0.80   0.35   0.61   0.74
   Dissymétrie
      Kurtosis   3.54   4.67   3.77   2.69   3.74   3.53   2.13   2.85   2.99
 
          *-99.9 Indicates Missing Data/Données manquantes
 
 
********************************************************************************
 
Table 2a : Return Period Rainfall Amounts (mm)
           Quantité de pluie (mm) par période de retour
 
********************************************************************************
 
 Duration/Durée        2        5       10       25       50      100   #Years
                  yr/ans   yr/ans   yr/ans   yr/ans   yr/ans   yr/ans   Années
          5 min      1.8      2.3      2.7      3.1      3.5      3.8       32
         10 min      2.8      3.6      4.1      4.8      5.4      5.9       32
         15 min      3.4      4.4      5.1      5.9      6.5      7.1       32
         30 min      5.1      6.1      6.8      7.6      8.3      8.9       32
          1 h        7.4      8.7      9.5     10.6     11.3     12.1       40
          2 h       11.3     13.5     14.9     16.8     18.2     19.5       40
          6 h       21.6     26.4     29.5     33.5     36.5     39.5       38
         12 h       32.5     41.9     48.1     56.0     61.8     67.6       35
         24 h       47.7     61.8     71.2     83.0     91.8    100.6       37
 
********************************************************************************
 
Table 2b :
 
 Return Period Rainfall Rates (mm/h) - 95% Confidence limits
 Intensité de la pluie (mm/h) par période de retour - Limites de confiance de 95%
 
********************************************************************************
 
 Duration/Durée        2        5       10       25       50      100   #Years
                  yr/ans   yr/ans   yr/ans   yr/ans   yr/ans   yr/ans   Années
          5 min     21.8     28.2     32.4     37.7     41.6     45.5       32
                +/-  2.3 +/-  3.8 +/-  5.2 +/-  7.0 +/-  8.4 +/-  9.8       32
         10 min     16.5     21.5     24.9     29.1     32.2     35.3       32
                +/-  1.8 +/-  3.0 +/-  4.1 +/-  5.6 +/-  6.6 +/-  7.7       32
         15 min     13.7     17.7     20.3     23.6     26.1     28.5       32
                +/-  1.4 +/-  2.4 +/-  3.2 +/-  4.4 +/-  5.2 +/-  6.1       32
         30 min     10.1     12.2     13.6     15.3     16.6     17.8       32
                +/-  0.7 +/-  1.2 +/-  1.7 +/-  2.3 +/-  2.7 +/-  3.2       32
          1 h        7.4      8.7      9.5     10.6     11.3     12.1       40
                +/-  0.4 +/-  0.7 +/-  0.9 +/-  1.2 +/-  1.5 +/-  1.7       40
          2 h        5.6      6.7      7.5      8.4      9.1      9.8       40
                +/-  0.4 +/-  0.6 +/-  0.8 +/-  1.1 +/-  1.3 +/-  1.5       40
          6 h        3.6      4.4      4.9      5.6      6.1      6.6       38
                +/-  0.3 +/-  0.4 +/-  0.6 +/-  0.8 +/-  1.0 +/-  1.1       38
         12 h        2.7      3.5      4.0      4.7      5.1      5.6       35
                +/-  0.3 +/-  0.5 +/-  0.6 +/-  0.8 +/-  1.0 +/-  1.2       35
         24 h        2.0      2.6      3.0      3.5      3.8      4.2       37
                +/-  0.2 +/-  0.3 +/-  0.4 +/-  0.6 +/-  0.7 +/-  0.8       37
 
********************************************************************************
 
Table 3 : Interpolation Equation / Équation d'interpolation: R = A*T^B
 
R = Interpolated Rainfall rate (mm/h)/Intensité interpolée de la pluie (mm/h)
RR = Rainfall rate (mm/h) / Intensité de la pluie (mm/h)
 T = Rainfall duration (h) / Durée de la pluie (h)
 
********************************************************************************
 
       Statistics/Statistiques      2      5     10     25     50    100
                               yr/ans yr/ans yr/ans yr/ans yr/ans yr/ans
      Mean of RR/Moyenne de RR    9.3   11.7   13.3   15.4   16.9   18.4
    Std. Dev. /Écart-type (RR)    6.8    9.0   10.4   12.1   13.5   14.8
        Std. Error/Erreur-type    0.1    0.7    1.1    1.6    2.0    2.4
               Coefficient (A)    7.6    9.5   10.8   12.4   13.5   14.7
         Exponent/Exposant (B) -0.422 -0.424 -0.425 -0.425 -0.426 -0.426
 Mean % Error/% erreur moyenne    1.0    4.6    6.4    8.2    9.3   10.2
