                     Environment and Climate Change Canada
                 Environnement et Changement climatique Canada
                                        
           Short Duration Rainfall Intensity-Duration-Frequency Data
          Données sur l'intensité, la durée et la fréquence des chutes
                            de pluie de courte durée
                                        
                 Gumbel - Method of moments/Méthode des moments
                                        
                                   2022/10/31
                                        
================================================================================
 
 TOFINO A                                               BC        1038205       
                     
 Latitude:  49 5'N     Longitude: 125 46'W   Elevation/Altitude: 24         m
 
 Years/Années :  1970 - 2017          # Years/Années :     45   
 
================================================================================
 
********************************************************************************
 
Table 1 : Annual Maximum (mm)/Maximum annuel (mm)
 
********************************************************************************
 
          Year  5 min 10 min 15 min 30 min    1 h    2 h    6 h   12 h   24 h
         Année
          1970    3.0    5.8    8.6   13.2   20.3   32.3   57.7   78.0   85.6
          1971    3.3    5.8    8.4   12.7   20.3   35.3   72.4   96.8  127.0
          1972    2.5    3.0    4.1    6.6   12.2   22.9   51.3   82.0  149.6
          1973    5.8    8.9   13.2   18.5   22.1   29.0   49.5   78.7  127.8
          1974    7.9   14.2   16.3   18.5   22.4   29.0   62.2  100.6  139.7
          1975    2.5    4.6    6.3   10.2   18.8   30.7   71.4   95.0  164.6
          1976    3.3    5.8    8.6   16.8   20.6   23.9   48.3   76.5  102.6
          1977    6.1   11.2   14.2   19.0   21.8   31.5   62.0   77.2   99.8
          1978    3.0    5.3    6.9   12.4   16.1   25.2   60.0   98.8  160.0
          1980    5.0    7.4    8.9   11.2   17.5   34.0   85.2  125.1  208.6
          1981    3.9    5.4    7.5   12.0   17.8   27.1   61.1   96.4  141.7
          1982    1.9    3.4    5.2    9.9   19.8   34.0   68.1   80.9  119.0
          1983    3.4    5.3    6.5    8.4   14.4   26.5   57.8   76.0  108.6
          1984    5.0    7.1    8.7   11.9   15.7   28.0   56.5   79.8  107.9
          1985    4.0    4.8    5.5    8.9   17.2   28.1   42.2   56.6   70.8
          1986    2.7    4.1    5.8    9.5   16.2   32.2   63.2   84.5  139.6
          1987    3.3    5.4    7.6   11.6   13.4   22.5   59.2   88.2  136.7
          1988    2.7    4.4    6.6    9.2   12.9   24.3   54.5   71.1  104.9
          1989    4.3    5.8    6.4    8.7   14.4   26.4   50.2   72.1  102.4
          1990    4.1    4.9    5.8    8.8   15.6   29.6   59.4   92.4  147.2
          1991    4.7    6.2    7.3   11.4   20.5   33.2   59.1   95.2  139.8
          1992    5.2    8.6   12.4   16.2   18.1   27.9   62.6   83.6  154.9
          1993    3.7    4.6    6.8   11.9   18.8   34.3   83.0  122.4  163.3
          1994    3.6    4.8    6.2    9.7   18.1   32.8   60.3   89.3  128.3
          1995    3.5    4.6    6.8   12.5   18.4   31.5   65.9   78.0  115.2
          1996    6.0    8.6   11.6   15.6   18.6   34.7   69.6   96.3  135.5
          1997    7.7    9.0   12.8   13.9   22.9   40.8   88.5  120.3  157.1
          1998    3.2    4.9    5.3    8.2   13.5   23.0   50.8   95.2  123.8
          1999    2.4    4.7    6.7   10.9   20.7   41.2   81.5  116.8  145.6
          2000    3.3    4.4    5.4    9.6   18.9   31.0   52.6   82.8  100.8
          2001    5.8    6.9    7.7    9.1   16.7   30.7   67.8   94.7  109.6
          2002    4.0    7.8   10.9   18.9   33.7   52.8   64.2   81.8  108.4
          2003    3.3    4.6    6.7   10.5   19.4   37.3   83.7  106.7  118.6
          2004    4.4    5.8    7.3   10.2   13.8   24.5   57.8   97.6  155.0
          2005    7.2    9.7   10.8   11.9   19.7   32.3   80.4  135.8  228.0
          2006    4.6    9.3   13.9   15.0   20.0   35.9   69.8   96.5  141.9
          2007    3.2    5.8    7.1   11.9   16.0   24.7   61.6  111.9  156.5
          2008    2.8    5.6    7.0    9.4   18.7   34.3   69.2   95.8  115.6
          2009    4.3    5.3    7.5   13.8   21.6   37.9   89.3  137.8  186.1
          2010    2.2    3.6    5.2    7.8   12.6   20.4   43.1   62.2   90.8
          2011    3.6    6.9    7.9   11.8   17.9   29.8   60.4   84.2  102.4
          2012    3.6    7.1    9.5   14.8   24.9   29.8   80.4  137.8  183.8
          2015    4.8    5.5    8.1   10.6   18.7   32.0   69.6  120.3  145.9
          2016    4.7    6.8    9.1   12.4   19.0   31.1   68.7   95.2  116.2
          2017    3.8    4.7    6.5    8.0   11.8   17.3   48.6   85.1  129.1
        ---------------------------------------------------------------------
        # Yrs.     45     45     45     45     45     45     45     45     45
        Années
          Mean    4.1    6.2    8.2   11.9   18.3   30.5   64.0   94.0  133.3
       Moyenne
     Std. Dev.    1.4    2.2    2.7    3.2    3.9    6.2   11.9   19.2   31.4
    Écart-type
         Skew.   1.05   1.54   1.23   0.80   1.22   0.87   0.42   0.68   0.76
   Dissymétrie
      Kurtosis   4.04   6.28   4.11   3.17   7.53   5.95   2.79   3.30   4.22
 
          *-99.9 Indicates Missing Data/Données manquantes
 
 Warning: annual maximum amount greater than 100-yr return period amount
 Avertissement : la quantité maximale annuelle excède la quantité
                 pour une période de retour de 100 ans
          Year/Année      Duration/Durée        Data/Données          100-yr/ans
                1974              10 min                14.2                13.0
                2002               1 h                  33.7                30.4
                2002               2 h                  52.8                49.9
 
********************************************************************************
 
Table 2a : Return Period Rainfall Amounts (mm)
           Quantité de pluie (mm) par période de retour
 
********************************************************************************
 
 Duration/Durée        2        5       10       25       50      100   #Years
                  yr/ans   yr/ans   yr/ans   yr/ans   yr/ans   yr/ans   Années
          5 min      3.8      5.1      5.9      6.9      7.7      8.5       45
         10 min      5.8      7.7      9.0     10.6     11.8     13.0       45
         15 min      7.7     10.1     11.8     13.8     15.3     16.8       45
         30 min     11.3     14.1     16.0     18.3     20.1     21.8       45
          1 h       17.6     21.1     23.3     26.2     28.3     30.4       45
          2 h       29.5     35.0     38.6     43.1     46.5     49.9       45
          6 h       62.1     72.6     79.6     88.4     94.9    101.4       45
         12 h       90.9    107.8    119.0    133.2    143.7    154.1       45
         24 h      128.1    155.9    174.3    197.5    214.7    231.9       45
 
********************************************************************************
 
Table 2b :
 
 Return Period Rainfall Rates (mm/h) - 95% Confidence limits
 Intensité de la pluie (mm/h) par période de retour - Limites de confiance de 95%
 
********************************************************************************
 
 Duration/Durée        2        5       10       25       50      100   #Years
                  yr/ans   yr/ans   yr/ans   yr/ans   yr/ans   yr/ans   Années
          5 min     46.1     61.0     70.8     83.2     92.4    101.5       45
                +/-  4.5 +/-  7.6 +/- 10.2 +/- 13.8 +/- 16.5 +/- 19.2       45
         10 min     35.0     46.5     54.1     63.8     70.9     78.0       45
                +/-  3.5 +/-  5.9 +/-  8.0 +/- 10.7 +/- 12.8 +/- 14.9       45
         15 min     30.9     40.6     47.0     55.1     61.2     67.2       45
                +/-  2.9 +/-  5.0 +/-  6.7 +/-  9.0 +/- 10.8 +/- 12.6       45
         30 min     22.7     28.3     32.0     36.6     40.1     43.5       45
                +/-  1.7 +/-  2.9 +/-  3.9 +/-  5.2 +/-  6.2 +/-  7.2       45
          1 h       17.6     21.1     23.3     26.2     28.3     30.4       45
                +/-  1.0 +/-  1.8 +/-  2.4 +/-  3.2 +/-  3.8 +/-  4.4       45
          2 h       14.8     17.5     19.3     21.6     23.3     24.9       45
                +/-  0.8 +/-  1.4 +/-  1.9 +/-  2.5 +/-  3.0 +/-  3.5       45
          6 h       10.3     12.1     13.3     14.7     15.8     16.9       45
                +/-  0.5 +/-  0.9 +/-  1.2 +/-  1.6 +/-  2.0 +/-  2.3       45
         12 h        7.6      9.0      9.9     11.1     12.0     12.8       45
                +/-  0.4 +/-  0.7 +/-  1.0 +/-  1.3 +/-  1.6 +/-  1.8       45
         24 h        5.3      6.5      7.3      8.2      8.9      9.7       45
                +/-  0.4 +/-  0.6 +/-  0.8 +/-  1.1 +/-  1.3 +/-  1.5       45
 
********************************************************************************
 
Table 3 : Interpolation Equation / Équation d'interpolation: R = A*T^B
 
R = Interpolated Rainfall rate (mm/h)/Intensité interpolée de la pluie (mm/h)
RR = Rainfall rate (mm/h) / Intensité de la pluie (mm/h)
 T = Rainfall duration (h) / Durée de la pluie (h)
 
********************************************************************************
 
       Statistics/Statistiques      2      5     10     25     50    100
                               yr/ans yr/ans yr/ans yr/ans yr/ans yr/ans
      Mean of RR/Moyenne de RR   21.1   26.9   30.8   35.6   39.2   42.8
    Std. Dev. /Écart-type (RR)   13.8   18.7   22.1   26.2   29.4   32.4
        Std. Error/Erreur-type    0.7    1.2    1.7    2.4    2.9    3.4
               Coefficient (A)   18.4   22.8   25.8   29.5   32.2   35.0
         Exponent/Exposant (B) -0.366 -0.387 -0.397 -0.407 -0.413 -0.418
 Mean % Error/% erreur moyenne    3.7    3.6    4.0    4.8    5.3    5.8
