                     Environment and Climate Change Canada
                 Environnement et Changement climatique Canada
                                        
           Short Duration Rainfall Intensity-Duration-Frequency Data
          Données sur l'intensité, la durée et la fréquence des chutes
                            de pluie de courte durée
                                        
                 Gumbel - Method of moments/Méthode des moments
                                        
                                   2022/10/31
                                        
================================================================================
 
 PRINCE GEORGE AIRPORT AUTO                             BC        1096453       
                     
 Latitude:  53 53'N    Longitude: 122 40'W   Elevation/Altitude: 680        m
 
 Years/Années :  1960 - 2021          # Years/Années :     53   
 
================================================================================
 
********************************************************************************
 
Table 1 : Annual Maximum (mm)/Maximum annuel (mm)
 
********************************************************************************
 
          Year  5 min 10 min 15 min 30 min    1 h    2 h    6 h   12 h   24 h
         Année
          1960    4.6    7.4    8.1    9.7    9.9   13.2   32.5   37.3   39.6
          1961    5.1    5.3    5.3    5.3    5.8    9.9   20.1   21.8   26.4
          1962    4.1    5.1    5.8    5.8    8.9   13.7   28.7   37.8   39.6
          1963    4.3    5.8    7.4   11.7   20.1   27.4   29.7   32.3   32.5
          1964    8.4    8.4    8.6   10.2   11.4   12.2   21.8   29.0   42.7
          1965   15.2   17.0   19.0   22.9   24.9   31.7   41.1   47.0   47.8
          1966    4.1    4.3    5.3    7.4    7.4   11.4   14.2   17.5   27.9
          1967    3.8    4.8    6.3    6.3    6.9   11.2   16.3   20.6   25.9
          1968    2.0    3.0    4.6    4.6    7.4    9.4   15.2   18.5   25.1
          1969   10.7   10.9   10.9   10.9   10.9   10.9   15.5   17.0   27.2
          1970    7.1   14.2   17.5   19.0   19.0   19.3   24.1   25.9   27.9
          1971    2.0    3.8    4.1    4.8    7.4    9.1   17.3   22.4   35.1
          1972    6.9   11.9   14.0   17.0   18.8   19.0   20.3   21.8   38.1
          1973    8.6   10.9   15.2   17.5   21.6   21.8   22.9   23.1   24.6
          1974    4.6    6.3    6.3    7.9    9.9   13.0   19.8   23.6   26.9
          1975    3.6    4.3    5.1    6.3    6.3    8.9   13.5   17.3   18.5
          1976    4.3    4.8    5.3    5.6    7.1   10.2   15.7   21.3   28.7
          1977    4.3    6.1    7.1    8.6   10.4   11.4   13.7   15.0   26.7
          1978    4.0    5.8    5.8    5.8    6.1    8.1   10.4   13.5   19.4
          1979    3.2    5.6    6.9    9.1   12.7   15.3   19.1   22.3   23.6
          1980    6.2    6.7    7.0    9.2    9.5    9.7   13.2   22.8   30.1
          1981    5.2    6.2    6.6    8.0   10.8   15.5   18.4   24.7   25.7
          1982    6.4    9.0    9.0    9.2   11.7   14.3   23.5   39.6   47.7
          1983   11.8   13.6   14.9   16.7   21.5   27.5   31.3   31.3   31.3
          1984    2.3    4.1    4.6    5.1    7.3   11.8   21.3   23.2   38.8
          1985    3.3    4.0    4.5    5.0    6.2   10.4   15.3   18.4   21.0
          1986    4.4    5.5    6.4    6.4    6.4    8.2   13.0   16.5   23.0
          1987    3.4    4.2    4.6    4.7    6.8    8.0   12.5   19.2   24.2
          1988    3.5    5.2    5.8    6.0    9.5   11.4   13.3   18.4   24.8
          1989    4.5    6.2    9.3   12.4   14.8   15.3   15.7   20.0   24.2
          1990    3.3    4.1    4.8    7.3   12.6   13.6   15.9   22.9   28.8
          1991    9.6   12.4   14.0   15.4   15.4   15.4   15.4   17.4   19.4
          1992    3.9    6.0    8.7   10.6   10.7   10.8   17.7   19.6   27.7
          1993    4.4    6.2    6.2    7.3    9.6   11.0   15.6   19.2   30.3
          1994    2.5    3.3    4.6    6.5    9.0   12.7   13.3   22.2   28.2
          1995    6.5    9.9   14.6   16.7   16.9   17.1   17.5   17.7   17.9
          1996    5.5    6.5    7.0    7.7   10.1   11.6   13.0  -99.9   24.8
          1997    4.4    5.6    6.8    8.5   11.6   12.9   20.3   21.6   23.2
          1998    5.7    9.8   12.8   14.1   14.1   14.1  -99.9  -99.9  -99.9
          1999    4.2    4.8    5.5    6.8    8.7   12.4   23.6   25.5   27.8
          2000    4.0    6.9    7.7    7.7    8.1    8.7   17.5   27.0   44.5
          2001    3.5    4.8    6.3    7.2    7.4    8.0   14.6   18.8   28.9
          2002    4.4    6.4    8.7    9.7   11.0   11.7   18.2   19.2   28.6
          2010    4.8    6.8    7.4    9.2    9.2   11.6   20.2   20.6   29.2
          2011    2.8    4.4    4.8    5.0    5.8    9.6   14.6   22.0   30.2
          2012    7.4   10.2   10.8   11.8   13.2   17.4   18.2   21.8   30.8
          2013    3.6    5.6    6.4    6.8    9.6   10.4   15.2   19.2   23.8
          2014    5.0    6.0    7.0    8.2    9.2    9.4   13.2   16.2   16.6
          2015    8.4    8.8    9.2    9.8   12.4   13.2   17.8   21.2   29.6
          2016    3.8    6.0    7.4    8.6    8.8    9.2   13.4   21.2   37.0
          2017    4.8    6.8    8.2    9.4    9.8    9.8   14.6   14.8   19.0
          2018    3.8    4.8    6.6    8.6    9.6   10.4   18.4   25.8   30.6
          2019    6.2    8.6    8.6   10.0   10.0   10.6   16.8   18.0   22.0
          2020    2.4    4.0    4.6    5.8    9.0   13.2   18.4   23.0   30.0
          2021    4.4    5.6    6.0    7.2    7.2    9.0   13.8   13.8   17.0
        ---------------------------------------------------------------------
        # Yrs.     55     55     55     55     55     55     54     53     54
        Années
          Mean    5.1    6.8    7.9    9.2   10.8   13.0   18.3   22.4   28.5
       Moyenne
     Std. Dev.    2.5    3.0    3.5    4.0    4.4    4.9    5.8    6.6    7.4
    Écart-type
         Skew.   1.90   1.48   1.51   1.46   1.44   2.11   1.85   1.77   0.85
   Dissymétrie
      Kurtosis   7.61   5.13   4.83   5.03   4.81   7.98   7.28   6.78   3.73
 
          *-99.9 Indicates Missing Data/Données manquantes
 
 Warning: annual maximum amount greater than 100-yr return period amount
 Avertissement : la quantité maximale annuelle excède la quantité
                 pour une période de retour de 100 ans
          Year/Année      Duration/Durée        Data/Données          100-yr/ans
                1965               5 min                15.2                13.0
                1965              10 min                17.0                16.1
                1965              15 min                19.0                18.9
                1965              30 min                22.9                21.8
                1965               1 h                  24.9                24.6
                1965               2 h                  31.7                28.3
                1965               6 h                  41.1                36.3
                1965              12 h                  47.0                43.1
 
********************************************************************************
 
Table 2a : Return Period Rainfall Amounts (mm)
           Quantité de pluie (mm) par période de retour
 
********************************************************************************
 
 Duration/Durée        2        5       10       25       50      100   #Years
                  yr/ans   yr/ans   yr/ans   yr/ans   yr/ans   yr/ans   Années
          5 min      4.7      6.9      8.4     10.2     11.6     13.0       55
         10 min      6.3      8.9     10.7     12.9     14.5     16.1       55
         15 min      7.4     10.4     12.5     15.1     17.0     18.9       55
         30 min      8.5     12.1     14.4     17.4     19.6     21.8       55
          1 h       10.1     14.0     16.6     19.8     22.2     24.6       55
          2 h       12.2     16.5     19.4     23.0     25.7     28.3       55
          6 h       17.3     22.4     25.8     30.0     33.2     36.3       54
         12 h       21.3     27.2     31.0     35.9     39.5     43.1       53
         24 h       27.3     33.8     38.1     43.6     47.6     51.6       54
 
********************************************************************************
 
Table 2b :
 
 Return Period Rainfall Rates (mm/h) - 95% Confidence limits
 Intensité de la pluie (mm/h) par période de retour - Limites de confiance de 95%
 
********************************************************************************
 
 Duration/Durée        2        5       10       25       50      100   #Years
                  yr/ans   yr/ans   yr/ans   yr/ans   yr/ans   yr/ans   Années
          5 min     56.4     82.9    100.5    122.7    139.2    155.5       55
                +/-  7.3 +/- 12.3 +/- 16.6 +/- 22.3 +/- 26.7 +/- 31.1       55
         10 min     38.0     53.7     64.1     77.2     86.9     96.6       55
                +/-  4.3 +/-  7.3 +/-  9.8 +/- 13.2 +/- 15.8 +/- 18.4       55
         15 min     29.4     41.8     50.0     60.3     68.0     75.6       55
                +/-  3.4 +/-  5.7 +/-  7.7 +/- 10.4 +/- 12.5 +/- 14.5       55
         30 min     17.0     24.2     28.9     34.8     39.3     43.6       55
                +/-  2.0 +/-  3.3 +/-  4.4 +/-  6.0 +/-  7.2 +/-  8.4       55
          1 h       10.1     14.0     16.6     19.8     22.2     24.6       55
                +/-  1.1 +/-  1.8 +/-  2.4 +/-  3.3 +/-  3.9 +/-  4.6       55
          2 h        6.1      8.2      9.7     11.5     12.8     14.2       55
                +/-  0.6 +/-  1.0 +/-  1.4 +/-  1.8 +/-  2.2 +/-  2.5       55
          6 h        2.9      3.7      4.3      5.0      5.5      6.1       54
                +/-  0.2 +/-  0.4 +/-  0.5 +/-  0.7 +/-  0.9 +/-  1.0       54
         12 h        1.8      2.3      2.6      3.0      3.3      3.6       53
                +/-  0.1 +/-  0.2 +/-  0.3 +/-  0.4 +/-  0.5 +/-  0.6       53
         24 h        1.1      1.4      1.6      1.8      2.0      2.2       54
                +/-  0.1 +/-  0.1 +/-  0.2 +/-  0.2 +/-  0.3 +/-  0.3       54
 
********************************************************************************
 
Table 3 : Interpolation Equation / Équation d'interpolation: R = A*T^B
 
R = Interpolated Rainfall rate (mm/h)/Intensité interpolée de la pluie (mm/h)
RR = Rainfall rate (mm/h) / Intensité de la pluie (mm/h)
 T = Rainfall duration (h) / Durée de la pluie (h)
 
********************************************************************************
 
       Statistics/Statistiques      2      5     10     25     50    100
                               yr/ans yr/ans yr/ans yr/ans yr/ans yr/ans
      Mean of RR/Moyenne de RR   18.1   25.8   30.9   37.3   42.1   46.9
    Std. Dev. /Écart-type (RR)   19.3   28.2   34.2   41.6   47.2   52.7
        Std. Error/Erreur-type    1.5    2.1    2.6    3.2    3.7    4.2
               Coefficient (A)   10.4   14.2   16.7   19.8   22.2   24.5
         Exponent/Exposant (B) -0.705 -0.734 -0.746 -0.757 -0.763 -0.768
 Mean % Error/% erreur moyenne    3.2    2.9    2.7    2.6    2.6    2.6
