                     Environment and Climate Change Canada
                 Environnement et Changement climatique Canada
                                        
           Short Duration Rainfall Intensity-Duration-Frequency Data
          Données sur l'intensité, la durée et la fréquence des chutes
                            de pluie de courte durée
                                        
                 Gumbel - Method of moments/Méthode des moments
                                        
                                   2022/10/31
                                        
================================================================================
 
 WHITE ROCK CAMPBELL SCIENTIFIC                         BC        1108910       
                     
 Latitude:  49 1'N     Longitude: 122 47'W   Elevation/Altitude: 13         m
 
 Years/Années :  1964 - 2021          # Years/Années :     34   
 
================================================================================
 
********************************************************************************
 
Table 1 : Annual Maximum (mm)/Maximum annuel (mm)
 
********************************************************************************
 
          Year  5 min 10 min 15 min 30 min    1 h    2 h    6 h   12 h   24 h
         Année
          1964    2.5    3.3    4.3    5.8    8.6   11.2   20.8   33.3   47.0
          1965    2.0    3.3    4.3    6.6    8.6   11.7   18.5   27.7   39.4
          1966    3.0    3.8    4.6    6.3    8.9   12.2   23.9   30.5   46.7
          1967    3.8    5.6    7.9    9.9   13.2   17.5   36.6   44.7   56.4
          1968    3.0    4.1    5.6    9.7   15.2   19.8   34.3   35.8   60.2
          1969    2.3    3.3    4.3    6.3    8.6   11.4   20.6   29.7   44.4
          1970    4.6    6.3    7.4    8.1    9.7   11.9   19.6   21.8   30.0
          1971    3.0    4.8    5.1    6.6   11.7   15.2   39.6   67.8   84.1
          1972    2.0    3.8    5.3   10.2   15.7   24.4   29.5   42.7   65.3
          1973    2.5    3.6    4.8    7.6   12.2   20.8   25.7   29.0   38.4
          1974    2.8    3.3    4.1    4.6    7.6   11.7   26.2   29.2   45.2
          1975    5.8   11.4   17.0   31.7   48.0   51.1   55.9   57.7   91.9
          1976    3.0    3.8    3.8    4.8    9.4   16.0   26.4   31.2   36.3
          1977    2.5    4.8    6.6   10.2   16.3   20.6   30.7   45.0   47.5
          1978    2.0    3.2    3.6    6.1   10.6   18.3   34.5   46.0   46.2
          1979    2.0    2.8    3.6    5.8    7.6   11.2   27.6   49.9   75.1
          1980    2.2    4.0    4.8    7.8    9.1   13.6   28.7   43.4   53.1
          1981    4.5    5.7    6.3    8.2   10.8   16.1   30.6   33.8   41.6
          1982    2.2    3.7    5.1    8.4   10.3   10.4   24.1   36.9   68.0
          1983    3.2    5.8    8.7   17.4   21.8   24.1   30.1   33.0   43.4
          1984    4.1    4.3    4.6    5.9    9.6   18.3   33.9   36.1   46.8
          1985    2.0    2.9    3.5    5.7    8.8   11.8   28.3   33.0   45.8
          1986    3.4    6.2    8.0   12.9   22.8   24.2   26.9   35.3   62.9
          1987    3.4    5.5    6.6    8.9   11.7   22.2   27.4   32.0   46.3
          1988    2.2    3.3    4.0    5.0    6.4   11.9   25.4   36.5   49.6
          1989    3.9    5.0    5.5   10.5   12.7   15.5   31.9   47.3   68.3
          1990    2.2    3.2    4.3    6.3    9.1   11.9   25.2   31.6   59.7
          1991  -99.9  -99.9  -99.9  -99.9    6.8   10.0   24.5   32.3   40.8
          1992  -99.9  -99.9  -99.9  -99.9    8.3   12.0   22.2   31.5   49.8
          1993  -99.9  -99.9  -99.9  -99.9   25.6   28.8   48.3   51.9   51.9
          1994  -99.9  -99.9  -99.9  -99.9    7.2   12.1   31.2   36.2   41.2
          1995  -99.9  -99.9  -99.9  -99.9   12.8   22.8   42.4   43.0   58.2
          1996  -99.9  -99.9  -99.9  -99.9   13.9   14.4   27.4   46.6   60.3
          1997  -99.9  -99.9  -99.9  -99.9   15.5   21.1   37.8   55.4   61.0
          1998  -99.9  -99.9  -99.9  -99.9    7.3   10.8  -99.9  -99.9   45.0
          1999  -99.9  -99.9  -99.9  -99.9   30.6   43.3   48.0   65.6   65.6
          2000  -99.9  -99.9  -99.9  -99.9   10.2   18.3   34.5   36.1   40.0
          2001  -99.9  -99.9  -99.9  -99.9   10.0   14.6   24.3   37.7   49.9
          2014    8.8    9.8   10.2   15.0   21.2   27.6   63.6   78.8   86.2
          2015    2.8    5.2    6.2    8.4   10.8   13.6   30.0   48.0   64.4
          2016    3.2    4.2    4.8    6.2   10.2   16.2   23.4   31.4   41.8
          2017    4.2    7.8    9.0   14.6   17.8   23.2   37.0   48.6   48.6
          2019    3.2    4.2    4.8    5.8    7.0   11.0   21.4   40.2   51.0
          2020    2.8    3.6    4.0    7.2    9.6   11.4   24.8   40.6   64.8
          2021    5.2    7.2    9.0   11.2   13.4   14.6   33.2   59.8  112.4
        ---------------------------------------------------------------------
        # Yrs.     34     34     34     34     45     45     44     44     45
        Années
          Mean    3.2    4.8    5.9    9.0   13.0   17.6   30.8   41.0   54.9
       Moyenne
     Std. Dev.    1.4    1.9    2.7    5.1    7.5    8.2    9.4   11.9   16.1
    Écart-type
         Skew.   2.29   1.85   2.47   3.06   2.86   2.31   1.61   1.21   1.49
   Dissymétrie
      Kurtosis  10.18   6.88  11.28  14.92  13.41   9.76   6.20   4.63   5.96
 
          *-99.9 Indicates Missing Data/Données manquantes
 
 Warning: annual maximum amount greater than 100-yr return period amount
 Avertissement : la quantité maximale annuelle excède la quantité
                 pour une période de retour de 100 ans
          Year/Année      Duration/Durée        Data/Données          100-yr/ans
                1975              10 min                11.4                10.9
                1975              15 min                17.0                14.3
                1975              30 min                31.7                24.8
                1975               1 h                  48.0                36.5
                1975               2 h                  51.1                43.4
                2014               5 min                 8.8                 7.6
                2014               6 h                  63.6                60.3
                2014              12 h                  78.8                78.2
                2021              24 h                 112.4               105.4
 
********************************************************************************
 
Table 2a : Return Period Rainfall Amounts (mm)
           Quantité de pluie (mm) par période de retour
 
********************************************************************************
 
 Duration/Durée        2        5       10       25       50      100   #Years
                  yr/ans   yr/ans   yr/ans   yr/ans   yr/ans   yr/ans   Années
          5 min      3.0      4.2      5.0      6.1      6.8      7.6       34
         10 min      4.5      6.2      7.3      8.7      9.8     10.9       34
         15 min      5.5      7.8      9.4     11.4     12.8     14.3       34
         30 min      8.2     12.6     15.6     19.3     22.1     24.8       34
          1 h       11.7     18.4     22.7     28.3     32.4     36.5       45
          2 h       16.2     23.5     28.3     34.4     38.9     43.4       45
          6 h       29.3     37.6     43.1     50.0     55.2     60.3       44
         12 h       39.1     49.5     56.5     65.2     71.7     78.2       44
         24 h       52.3     66.5     75.9     87.8     96.6    105.4       45
 
********************************************************************************
 
Table 2b :
 
 Return Period Rainfall Rates (mm/h) - 95% Confidence limits
 Intensité de la pluie (mm/h) par période de retour - Limites de confiance de 95%
 
********************************************************************************
 
 Duration/Durée        2        5       10       25       50      100   #Years
                  yr/ans   yr/ans   yr/ans   yr/ans   yr/ans   yr/ans   Années
          5 min     36.2     50.8     60.5     72.7     81.8     90.8       34
                +/-  5.1 +/-  8.6 +/- 11.6 +/- 15.6 +/- 18.7 +/- 21.8       34
         10 min     26.8     37.1     43.9     52.5     58.9     65.2       34
                +/-  3.6 +/-  6.0 +/-  8.2 +/- 11.0 +/- 13.2 +/- 15.3       34
         15 min     22.0     31.4     37.6     45.4     51.2     57.0       34
                +/-  3.3 +/-  5.5 +/-  7.4 +/- 10.0 +/- 12.0 +/- 14.0       34
         30 min     16.3     25.3     31.2     38.6     44.2     49.7       34
                +/-  3.1 +/-  5.3 +/-  7.1 +/-  9.6 +/- 11.4 +/- 13.3       34
          1 h       11.7     18.4     22.7     28.3     32.4     36.5       45
                +/-  2.0 +/-  3.4 +/-  4.6 +/-  6.2 +/-  7.4 +/-  8.6       45
          2 h        8.1     11.7     14.2     17.2     19.5     21.7       45
                +/-  1.1 +/-  1.9 +/-  2.5 +/-  3.4 +/-  4.1 +/-  4.7       45
          6 h        4.9      6.3      7.2      8.3      9.2     10.1       44
                +/-  0.4 +/-  0.7 +/-  1.0 +/-  1.3 +/-  1.6 +/-  1.8       44
         12 h        3.3      4.1      4.7      5.4      6.0      6.5       44
                +/-  0.3 +/-  0.5 +/-  0.6 +/-  0.8 +/-  1.0 +/-  1.1       44
         24 h        2.2      2.8      3.2      3.7      4.0      4.4       45
                +/-  0.2 +/-  0.3 +/-  0.4 +/-  0.6 +/-  0.7 +/-  0.8       45
 
********************************************************************************
 
Table 3 : Interpolation Equation / Équation d'interpolation: R = A*T^B
 
R = Interpolated Rainfall rate (mm/h)/Intensité interpolée de la pluie (mm/h)
RR = Rainfall rate (mm/h) / Intensité de la pluie (mm/h)
 T = Rainfall duration (h) / Durée de la pluie (h)
 
********************************************************************************
 
       Statistics/Statistiques      2      5     10     25     50    100
                               yr/ans yr/ans yr/ans yr/ans yr/ans yr/ans
      Mean of RR/Moyenne de RR   14.6   20.9   25.0   30.2   34.1   38.0
    Std. Dev. /Écart-type (RR)   11.7   16.6   19.8   23.9   27.0   30.0
        Std. Error/Erreur-type    0.8    2.9    4.3    6.2    7.5    8.9
               Coefficient (A)   11.2   15.7   18.7   22.4   25.1   27.9
         Exponent/Exposant (B) -0.493 -0.517 -0.527 -0.537 -0.542 -0.546
 Mean % Error/% erreur moyenne    3.4    7.7    9.5   11.3   12.3   13.0
