                     Environment and Climate Change Canada
                 Environnement et Changement climatique Canada
                                        
           Short Duration Rainfall Intensity-Duration-Frequency Data
          Données sur l'intensité, la durée et la fréquence des chutes
                            de pluie de courte durée
                                        
                 Gumbel - Method of moments/Méthode des moments
                                        
                                   2022/10/31
                                        
================================================================================
 
 SALMON ARM A                                           BC        1166R45       
                     
 Latitude:  50 41'N    Longitude: 119 14'W   Elevation/Altitude: 527        m
 
 Years/Années :  1964 - 2016          # Years/Années :     44   
 
================================================================================
 
********************************************************************************
 
Table 1 : Annual Maximum (mm)/Maximum annuel (mm)
 
********************************************************************************
 
          Year  5 min 10 min 15 min 30 min    1 h    2 h    6 h   12 h   24 h
         Année
          1964    3.6    4.6    4.8    6.1   12.2   16.8   25.9   37.6   39.4
          1965    2.5    3.6    3.6    4.1    6.3   10.9   21.3   27.2   35.6
          1966    6.6   10.2   11.4   12.4   13.7   20.1   25.7   30.0   34.0
          1967    1.8    3.3    4.3    4.6    5.3    7.6   13.7   18.0   19.8
          1968    2.3    4.3    4.8    5.3    6.1    6.9   12.7   17.5   18.8
          1969    3.6    4.1    4.1    4.3    6.6    9.1   18.5   28.7   31.7
          1970    3.0    5.8    7.4   11.2   13.2   17.0   18.0   18.0   20.3
          1971    2.0    3.8    5.3    6.1    6.9    9.9   10.9   16.8   19.6
          1972    5.1    7.6    8.1    8.9   12.2   12.4   20.6   23.6   30.2
          1975    2.3    4.1    4.8    5.3    5.6    6.6    9.9   15.0   18.3
          1976    3.6    6.3    7.4    8.4    8.4   14.0   16.8   24.1   27.7
          1977    4.1    5.3    5.6    5.8    6.6   12.4   14.2   15.0   23.1
          1978    3.9    5.0    6.1    9.9   16.2   17.2   21.2   21.6   21.6
          1979    5.8    7.6    9.4   10.6   10.6   10.6   12.2   18.2   23.2
          1980    5.9    8.7    8.9    9.1    9.3   13.3   15.8   18.6   19.6
          1981  -99.9  -99.9  -99.9  -99.9   19.7   21.2   25.0   27.6   27.8
          1982    1.3    1.6    2.2    3.3    5.8    8.0   16.4   26.7   33.6
          1983    7.2   14.2   14.7   21.7   21.9   22.0   22.0   22.8   25.0
          1984    3.1    4.6    5.3    6.8    7.7    8.0    9.1   10.0   13.6
          1985    5.9    7.3    7.6    7.6    8.7    9.0    9.9   12.2   16.7
          1986    4.5    6.5    7.4    8.7   10.9   14.6   21.2   24.7   41.3
          1987    2.7    4.5    6.0    6.7    7.9    8.6    9.3   11.6   16.9
          1988    5.5    8.1    8.5    9.8   10.5   10.9   18.9   29.2   35.0
          1989    5.0    6.1    6.5    9.8   12.3   16.3   24.4   25.2   34.2
          1990    9.9   13.0   17.9   35.8   45.7   47.4   47.8   47.8   48.4
          1991    5.4    6.0    6.2    6.2    7.8    9.6   14.0   15.2   20.4
          1992    3.4    5.1    6.4    6.8    7.0    8.0  -99.9  -99.9   30.8
          1993    3.3    3.9    4.6    5.9    7.0    8.6   11.9   15.0   18.5
          1996    5.6    7.1    9.1   12.2   12.8   13.0   21.2   27.3   40.5
          1997    5.7   11.2   12.4   14.6   18.3   20.5   26.8   26.8   33.0
          1998    1.4    2.0    2.1    3.3    4.5    6.2   13.0   21.0   33.0
          1999    3.5    5.0    5.4    5.6    7.6   11.5   16.0   24.1   29.0
          2000    4.0    5.2    6.3    8.0    8.0    9.3   12.8   15.0   23.2
          2001    3.5    5.1    6.2    6.5    7.7   12.5   23.3  -99.9   36.3
          2002    4.6    5.6    5.8    5.8    5.8    8.0   11.5   16.8   24.4
          2003    4.1    4.9    6.8    8.1    8.1    8.2   13.9   19.2   24.3
          2004    4.3    6.7    8.4    8.6    9.8   11.3   18.1   26.6   30.3
          2007    6.1    7.3    8.0    9.8   11.8   16.8   23.8   24.2   33.4
          2009    2.0    2.3    2.7    3.4    3.9    6.5   14.7   23.8   32.3
          2010    7.5    9.6   11.6   12.2   12.2   12.2   12.8   13.2   21.6
          2011    7.5   10.1   12.4   16.7   18.8   19.4   25.0   25.0   25.0
          2012    3.8    4.6  -99.0  -99.0   23.0   23.8   25.0   39.0   50.0
          2013   12.0   14.7   15.0   15.0   15.0   15.0   17.4   29.6   43.3
          2014    5.1    7.7   10.6   13.0   15.5   20.9   33.3   53.3   57.6
          2015    3.4    5.5    7.8    9.9   13.0   13.0   20.0   23.2   25.2
          2016    6.1    7.6    8.6    9.8    9.8   10.5   15.1   22.3   25.4
        ---------------------------------------------------------------------
        # Yrs.     45     45     44     44     46     46     45     44     46
        Années
          Mean    4.5    6.4    7.5    9.2   11.3   13.4   18.5   23.4   29.0
       Moyenne
     Std. Dev.    2.1    3.0    3.4    5.6    7.0    7.0    7.2    8.8    9.6
    Écart-type
         Skew.   1.23   1.11   1.05   2.84   2.97   2.77   1.65   1.38   0.88
   Dissymétrie
      Kurtosis   5.64   4.38   4.40  14.40  15.60  14.63   8.01   6.02   3.86
 
          *-99.9 Indicates Missing Data/Données manquantes
 
 Warning: annual maximum amount greater than 100-yr return period amount
 Avertissement : la quantité maximale annuelle excède la quantité
                 pour une période de retour de 100 ans
          Year/Année      Duration/Durée        Data/Données          100-yr/ans
                1990              30 min                35.8                26.7
                1990               1 h                  45.7                33.1
                1990               2 h                  47.4                35.2
                1990               6 h                  47.8                41.1
                2013               5 min                12.0                11.2
                2014              12 h                  53.3                50.9
 
********************************************************************************
 
Table 2a : Return Period Rainfall Amounts (mm)
           Quantité de pluie (mm) par période de retour
 
********************************************************************************
 
 Duration/Durée        2        5       10       25       50      100   #Years
                  yr/ans   yr/ans   yr/ans   yr/ans   yr/ans   yr/ans   Années
          5 min      4.2      6.1      7.3      8.9     10.1     11.2       45
         10 min      5.9      8.5     10.2     12.4     14.0     15.6       45
         15 min      6.9      9.9     11.9     14.4     16.3     18.1       44
         30 min      8.3     13.2     16.5     20.6     23.7     26.7       44
          1 h       10.1     16.3     20.3     25.5     29.3     33.1       46
          2 h       12.2     18.4     22.5     27.6     31.4     35.2       46
          6 h       17.3     23.7     27.9     33.2     37.2     41.1       45
         12 h       21.9     29.7     34.8     41.3     46.2     50.9       44
         24 h       27.4     35.8     41.4     48.5     53.7     58.9       46
 
********************************************************************************
 
Table 2b :
 
 Return Period Rainfall Rates (mm/h) - 95% Confidence limits
 Intensité de la pluie (mm/h) par période de retour - Limites de confiance de 95%
 
********************************************************************************
 
 Duration/Durée        2        5       10       25       50      100   #Years
                  yr/ans   yr/ans   yr/ans   yr/ans   yr/ans   yr/ans   Années
          5 min     50.0     72.8     87.8    106.8    120.9    134.9       45
                +/-  6.9 +/- 11.6 +/- 15.7 +/- 21.1 +/- 25.3 +/- 29.5       45
         10 min     35.4     51.1     61.4     74.5     84.2     93.9       45
                +/-  4.7 +/-  8.0 +/- 10.8 +/- 14.6 +/- 17.4 +/- 20.3       45
         15 min     27.6     39.7     47.6     57.7     65.1     72.5       44
                +/-  3.7 +/-  6.2 +/-  8.4 +/- 11.3 +/- 13.5 +/- 15.8       44
         30 min     16.5     26.4     32.9     41.2     47.4     53.4       44
                +/-  3.0 +/-  5.1 +/-  6.9 +/-  9.3 +/- 11.1 +/- 13.0       44
          1 h       10.1     16.3     20.3     25.5     29.3     33.1       46
                +/-  1.8 +/-  3.1 +/-  4.2 +/-  5.7 +/-  6.8 +/-  7.9       46
          2 h        6.1      9.2     11.2     13.8     15.7     17.6       46
                +/-  0.9 +/-  1.6 +/-  2.1 +/-  2.8 +/-  3.4 +/-  3.9       46
          6 h        2.9      3.9      4.6      5.5      6.2      6.8       45
                +/-  0.3 +/-  0.5 +/-  0.7 +/-  1.0 +/-  1.2 +/-  1.4       45
         12 h        1.8      2.5      2.9      3.4      3.8      4.2       44
                +/-  0.2 +/-  0.3 +/-  0.5 +/-  0.6 +/-  0.7 +/-  0.8       44
         24 h        1.1      1.5      1.7      2.0      2.2      2.5       46
                +/-  0.1 +/-  0.2 +/-  0.2 +/-  0.3 +/-  0.4 +/-  0.5       46
 
********************************************************************************
 
Table 3 : Interpolation Equation / Équation d'interpolation: R = A*T^B
 
R = Interpolated Rainfall rate (mm/h)/Intensité interpolée de la pluie (mm/h)
RR = Rainfall rate (mm/h) / Intensité de la pluie (mm/h)
 T = Rainfall duration (h) / Durée de la pluie (h)
 
********************************************************************************
 
       Statistics/Statistiques      2      5     10     25     50    100
                               yr/ans yr/ans yr/ans yr/ans yr/ans yr/ans
      Mean of RR/Moyenne de RR   16.9   24.8   30.1   36.7   41.7   46.6
    Std. Dev. /Écart-type (RR)   17.3   25.0   30.1   36.6   41.4   46.2
        Std. Error/Erreur-type    2.0    4.4    6.1    8.4   10.1   11.7
               Coefficient (A)   10.0   14.6   17.6   21.4   24.2   26.9
         Exponent/Exposant (B) -0.684 -0.704 -0.712 -0.719 -0.723 -0.726
 Mean % Error/% erreur moyenne    3.0    5.9    7.4    8.7    9.6   10.2
