                     Environment and Climate Change Canada
                 Environnement et Changement climatique Canada
                                        
           Short Duration Rainfall Intensity-Duration-Frequency Data
          Données sur l'intensité, la durée et la fréquence des chutes
                            de pluie de courte durée
                                        
                 Gumbel - Method of moments/Méthode des moments
                                        
                                   2022/10/31
                                        
================================================================================
 
 GERMANSEN LANDING                                      BC        1183090       
                     
 Latitude:  55 47'N    Longitude: 124 42'W   Elevation/Altitude: 766        m
 
 Years/Années :  1964 - 2013          # Years/Années :     15   
 
================================================================================
 
********************************************************************************
 
Table 1 : Annual Maximum (mm)/Maximum annuel (mm)
 
********************************************************************************
 
          Year  5 min 10 min 15 min 30 min    1 h    2 h    6 h   12 h   24 h
         Année
          1964    3.3    5.3    5.6    5.6    6.6    7.1    9.1   11.7   21.3
          1965    3.0    5.3    7.9   11.7   12.2   12.4   15.0   18.8   26.9
          1966    1.8    2.5    3.3    5.6    7.9    8.6    9.1   12.2   18.3
          1967    3.0    5.1    5.6    8.9   13.2   18.5   20.3   20.3   20.3
          1968    2.0    3.0    4.3    5.3    5.3    6.3    9.9   15.5   19.6
          1969    2.3    4.3    5.8    8.9    9.1   10.7   16.8   18.8   20.6
          1970    4.6    5.6    5.6    5.8    6.9   10.4   12.7   22.4   23.9
          1971    4.1    4.3    4.3    5.1    6.9   10.9   17.0   21.3   26.9
          1972    2.3    3.3    3.6    5.8   10.2   14.5   17.5   23.6   34.8
          1973    1.8    2.3    2.5    3.6    5.3    6.3   14.2   18.0   19.3
          1974    4.8    6.9    9.7   11.4   13.2   13.7   14.0   14.0   14.7
          1975    2.8    3.8    4.8    7.1   10.2   12.7   13.0   13.2   14.0
          1976    9.1   11.2   12.2   13.2   13.2   14.7   22.1   24.9   26.4
          1977    2.8    3.6    3.8    4.3    6.3    7.9   12.2   17.5   19.3
          1978    1.8    2.2    2.2    3.5    4.2    5.5   11.0   17.1   21.7
          1980  -99.9  -99.9  -99.9  -99.9   10.2   10.9   14.5   21.3   22.4
          1981  -99.9  -99.9  -99.9  -99.9    7.4    9.1   13.6   20.4   23.7
          1982  -99.9  -99.9  -99.9  -99.9    9.8   13.5   21.4   37.1   55.9
          1983  -99.9  -99.9  -99.9  -99.9    7.4   10.7   16.9   20.4   22.0
          1984  -99.9  -99.9  -99.9  -99.9    5.6    9.9   10.5   14.8   20.5
          1985  -99.9  -99.9  -99.9  -99.9    7.4    8.8   15.7   22.7   39.4
          1986  -99.9  -99.9  -99.9  -99.9    6.4    8.7   12.9   12.9   19.4
          1987  -99.9  -99.9  -99.9  -99.9   14.1   16.4   20.9   25.0   26.8
          1988  -99.9  -99.9  -99.9  -99.9    4.9    9.8   15.1   18.2   22.2
          1989  -99.9  -99.9  -99.9  -99.9    5.1  -99.9  -99.9   27.0   31.4
          1990  -99.9  -99.9  -99.9  -99.9    6.2   10.7   23.8   27.0   44.2
          1991  -99.9  -99.9  -99.9  -99.9    8.5   11.8   25.3   26.6   29.6
          1992  -99.9  -99.9  -99.9  -99.9    3.6    5.8    9.6   12.6   19.9
          1993  -99.9  -99.9  -99.9  -99.9    7.3   11.5   19.0   26.6   31.6
          1994  -99.9  -99.9  -99.9  -99.9   10.4   12.9   15.0   20.1   34.4
          1995  -99.9  -99.9  -99.9  -99.9    9.3    9.8   13.5   23.7   30.5
          1996  -99.9  -99.9  -99.9  -99.9   10.0   11.7   13.3   18.9   22.2
          1997  -99.9  -99.9  -99.9  -99.9   13.7   14.2   18.1   20.3   24.2
          1998  -99.9  -99.9  -99.9  -99.9    7.5    8.9   12.8   16.2   18.8
          1999  -99.9  -99.9  -99.9  -99.9    7.0   10.1   13.2   13.2   16.0
          2000  -99.9  -99.9  -99.9  -99.9    5.9   10.4   14.0   15.6   18.8
          2001  -99.9  -99.9  -99.9  -99.9    7.8    8.9   10.0   15.0   24.3
          2002  -99.9  -99.9  -99.9  -99.9    5.2    9.2   15.7   20.1   20.9
          2004  -99.9  -99.9  -99.9  -99.9   17.0   17.0   32.3   44.0   57.0
          2005  -99.9  -99.9  -99.9  -99.9    5.0    7.6   12.1   16.7   23.0
          2007  -99.9  -99.9  -99.9  -99.9    8.6    9.8   13.9   17.2   25.6
          2009  -99.9  -99.9  -99.9  -99.9    5.6    8.2   15.2   16.1   20.5
          2010  -99.9  -99.9  -99.9  -99.9    8.9    9.1   13.1   14.7   19.9
          2011  -99.9  -99.9  -99.9  -99.9    7.3    7.3   13.3   18.3   27.5
          2013  -99.9  -99.9  -99.9  -99.9    7.9    8.9   14.8   17.8   22.4
        ---------------------------------------------------------------------
        # Yrs.     15     15     15     15     45     44     44     45     45
        Années
          Mean    3.3    4.6    5.4    7.1    8.3   10.5   15.3   19.8   25.4
       Moyenne
     Std. Dev.    1.9    2.3    2.7    3.1    3.0    3.0    4.6    6.2    9.1
    Écart-type
         Skew.   2.32   1.83   1.35   0.85   0.93   0.70   1.51   1.78   2.04
   Dissymétrie
      Kurtosis   9.62   7.81   5.18   3.12   3.66   3.52   6.36   7.88   7.71
 
          *-99.9 Indicates Missing Data/Données manquantes
 
 Warning: annual maximum amount greater than 100-yr return period amount
 Avertissement : la quantité maximale annuelle excède la quantité
                 pour une période de retour de 100 ans
          Year/Année      Duration/Durée        Data/Données          100-yr/ans
                1982              24 h                  55.9                54.0
                2004               6 h                  32.3                29.8
                2004              12 h                  44.0                39.3
                2004              24 h                  57.0                54.0
 
********************************************************************************
 
Table 2a : Return Period Rainfall Amounts (mm)
           Quantité de pluie (mm) par période de retour
 
********************************************************************************
 
 Duration/Durée        2        5       10       25       50      100   #Years
                  yr/ans   yr/ans   yr/ans   yr/ans   yr/ans   yr/ans   Années
          5 min      3.0      4.7      5.7      7.1      8.2      9.2       15
         10 min      4.2      6.2      7.6      9.2     10.5     11.7       15
         15 min      5.0      7.4      9.0     11.0     12.4     13.9       15
         30 min      6.5      9.3     11.1     13.3     15.0     16.7       15
          1 h        7.8     10.4     12.2     14.4     16.0     17.6       45
          2 h       10.0     12.6     14.4     16.5     18.2     19.8       44
          6 h       14.5     18.6     21.3     24.8     27.3     29.8       44
         12 h       18.7     24.3     27.9     32.5     35.9     39.3       45
         24 h       23.9     32.0     37.3     44.1     49.1     54.0       45
 
********************************************************************************
 
Table 2b :
 
 Return Period Rainfall Rates (mm/h) - 95% Confidence limits
 Intensité de la pluie (mm/h) par période de retour - Limites de confiance de 95%
 
********************************************************************************
 
 Duration/Durée        2        5       10       25       50      100   #Years
                  yr/ans   yr/ans   yr/ans   yr/ans   yr/ans   yr/ans   Années
          5 min     35.9     55.8     69.0     85.6     98.0    110.3       15
                +/- 10.5 +/- 17.6 +/- 23.8 +/- 32.1 +/- 38.4 +/- 44.7       15
         10 min     25.2     37.3     45.3     55.4     62.9     70.3       15
                +/-  6.3 +/- 10.7 +/- 14.4 +/- 19.5 +/- 23.3 +/- 27.1       15
         15 min     19.9     29.5     35.8     43.8     49.8     55.7       15
                +/-  5.0 +/-  8.5 +/- 11.5 +/- 15.4 +/- 18.5 +/- 21.5       15
         30 min     13.1     18.5     22.1     26.6     30.0     33.3       15
                +/-  2.8 +/-  4.8 +/-  6.5 +/-  8.7 +/- 10.4 +/- 12.2       15
          1 h        7.8     10.4     12.2     14.4     16.0     17.6       45
                +/-  0.8 +/-  1.4 +/-  1.8 +/-  2.5 +/-  2.9 +/-  3.4       45
          2 h        5.0      6.3      7.2      8.3      9.1      9.9       44
                +/-  0.4 +/-  0.7 +/-  0.9 +/-  1.2 +/-  1.5 +/-  1.7       44
          6 h        2.4      3.1      3.6      4.1      4.5      5.0       44
                +/-  0.2 +/-  0.4 +/-  0.5 +/-  0.6 +/-  0.8 +/-  0.9       44
         12 h        1.6      2.0      2.3      2.7      3.0      3.3       45
                +/-  0.1 +/-  0.2 +/-  0.3 +/-  0.4 +/-  0.5 +/-  0.6       45
         24 h        1.0      1.3      1.6      1.8      2.0      2.3       45
                +/-  0.1 +/-  0.2 +/-  0.2 +/-  0.3 +/-  0.4 +/-  0.4       45
 
********************************************************************************
 
Table 3 : Interpolation Equation / Équation d'interpolation: R = A*T^B
 
R = Interpolated Rainfall rate (mm/h)/Intensité interpolée de la pluie (mm/h)
RR = Rainfall rate (mm/h) / Intensité de la pluie (mm/h)
 T = Rainfall duration (h) / Durée de la pluie (h)
 
********************************************************************************
 
       Statistics/Statistiques      2      5     10     25     50    100
                               yr/ans yr/ans yr/ans yr/ans yr/ans yr/ans
      Mean of RR/Moyenne de RR   12.4   18.3   22.1   27.0   30.6   34.2
    Std. Dev. /Écart-type (RR)   12.2   19.0   23.5   29.1   33.3   37.5
        Std. Error/Erreur-type    1.2    1.3    1.5    1.8    2.0    2.3
               Coefficient (A)    7.8   10.9   12.8   15.4   17.2   19.0
         Exponent/Exposant (B) -0.646 -0.677 -0.690 -0.701 -0.707 -0.712
 Mean % Error/% erreur moyenne    2.7    4.4    5.4    6.3    6.8    7.2
