                     Environment and Climate Change Canada
                 Environnement et Changement climatique Canada
                                        
           Short Duration Rainfall Intensity-Duration-Frequency Data
          Données sur l'intensité, la durée et la fréquence des chutes
                            de pluie de courte durée
                                        
                 Gumbel - Method of moments/Méthode des moments
                                        
                                   2022/10/31
                                        
================================================================================
 
 KAMLOOPS AUT                                           BC        1163842       
                     
 Latitude:  50 42'N    Longitude: 120 26'W   Elevation/Altitude: 345        m
 
 Years/Années :  1965 - 2021          # Years/Années :     51   
 
================================================================================
 
********************************************************************************
 
Table 1 : Annual Maximum (mm)/Maximum annuel (mm)
 
********************************************************************************
 
          Year  5 min 10 min 15 min 30 min    1 h    2 h    6 h   12 h   24 h
         Année
          1965    3.3    6.1    7.6    8.9   11.2   12.7   22.1   26.9   27.7
          1966    1.8    2.5    3.8    4.3    5.1    7.6   11.7   17.3   21.8
          1967    3.3    4.6    4.6    4.6    4.6    8.6   14.2   14.5   14.5
          1968    1.8    1.8    2.5    3.8    4.8    7.4    8.6   13.5   18.0
          1969    7.4   10.4   11.4   11.9   11.9   12.2   14.5   17.0   19.3
          1970    2.3    3.3    4.3    6.3    9.1   14.2   16.5   16.5   17.5
          1971    2.8    3.6    3.8    5.3    7.4    8.1   11.2   13.0   13.0
          1972    2.5    4.8    4.8    4.8    5.6    8.6    9.9   10.4   10.9
          1973    2.3    2.5    3.0    3.3    4.1    5.8    7.6    7.6    9.7
          1974    3.0    3.8    3.8    4.3    6.6    7.9   11.2   13.7   14.7
          1975    1.8    3.6    5.3    7.4    7.6    7.9    9.9   10.4   10.4
          1976    3.6    4.3    6.1   10.4   14.2   19.6   28.2   41.7   53.1
          1977    3.3    6.6    7.4    8.4    9.1    9.1   12.4   13.0   14.5
          1978    1.6    2.8    3.6    5.1    6.1    6.3    8.4   10.2   10.8
          1979    2.4    2.9    3.2    3.2    4.5    4.9    6.9    7.7   11.7
          1980    2.9    4.4    4.4    4.5    5.6    6.4    9.2   13.3   17.8
          1981    4.1    5.9    7.5    9.5    9.8   10.0   13.8   14.4   17.5
          1982    2.6    4.6    5.7    7.1   10.1   14.3   15.3   17.5   19.9
          1983    1.9    2.5    3.0    3.5    5.1    6.6   15.8   25.7   34.5
          1984    4.1    6.5    8.8    9.5   10.1   10.9   11.3   11.8   11.8
          1985    2.6    3.8    5.0    7.3    8.1    9.1   13.9   24.2   38.1
          1986    3.2    4.6    4.8    5.3    5.3    7.0   17.0   30.0   36.8
          1987    1.7    2.5    3.5    4.3    5.8    7.9   14.6   18.5   22.0
          1988    4.9    6.8    8.4   11.0   11.0   12.8   19.8   19.8   19.8
          1989    7.7    9.9   10.2   11.1   15.0   15.0   17.7   21.8   22.4
          1990   12.0   16.0   17.8   18.0   19.0   22.8   22.9   22.9   28.6
          1991   10.4   11.1   11.5   12.4   12.7   12.9   15.4   15.9   22.4
          1992    4.6    7.8    9.0    9.8   10.8   11.4   25.0   27.7   33.2
          1993    3.2    6.4    7.6    7.9    7.9    9.5   13.9   17.2   17.4
          1994    7.1    8.1    8.6    8.9    9.1   13.5   16.1   18.7   20.8
          1995    3.5    4.5    6.1    8.2    9.2   13.6   15.3   20.7   22.3
          1996    7.9   10.4   11.7   12.7   12.9   12.9   17.2   20.0   20.6
          1997    9.3   14.3   15.6   15.9   15.9   15.9   16.7   16.9   21.9
          1998    3.6    4.5    5.0    5.2    6.5   11.4   18.5   26.9   27.9
          1999    2.0    3.1    4.6    5.3    5.3    8.3   15.3   15.7   17.8
          2000    1.7    2.3    3.0    3.7    5.4    9.2   14.3   21.6   22.2
          2001    3.3    6.1    9.1   13.9   16.3   17.9   18.3   18.3   23.7
          2002    1.2    1.7    2.5    4.1    7.3   10.4   11.0   18.2   21.2
          2007    5.0    6.4    6.4    6.8    6.8    9.0   13.0   20.4   20.4
          2009    3.8    3.8    3.8    3.8    6.0   10.8   16.0   18.6   18.8
          2010    6.0    6.0    6.0    6.0    6.0    7.4   13.6   13.8   16.8
          2011    3.2    4.6    5.2    5.2    5.2    6.4    8.4   11.8   17.0
          2012    4.8    8.2   10.0   11.6   13.8   15.2   16.8   19.2   20.4
          2013    1.6    2.0    2.4    4.4    6.2    7.8   14.4   21.0   23.6
          2015    7.2   10.6   11.4   11.8   12.2   12.2   17.6   20.8   31.6
          2016    3.4    4.8    5.4    6.6    6.6    6.6   12.2   16.8   18.8
          2017    2.0    3.0    3.8    3.8    4.4    5.4    7.4    7.8    8.4
          2018    2.0    2.8    3.2    4.6    7.8    8.8   14.4   18.2   20.4
          2019    7.0    8.4    8.4    8.6   10.0   10.2   10.2   13.2   14.6
          2020    2.2    2.8    3.2    4.4    7.4    9.8   16.2   16.8   22.8
          2021    2.6    4.4    5.6    6.6    8.6   10.2   11.0   13.4   15.0
        ---------------------------------------------------------------------
        # Yrs.     51     51     51     51     51     51     51     51     51
        Années
          Mean    3.9    5.5    6.3    7.4    8.6   10.4   14.4   17.7   20.7
       Moyenne
     Std. Dev.    2.4    3.2    3.4    3.5    3.6    3.7    4.4    6.2    8.2
    Écart-type
         Skew.   1.54   1.39   1.33   1.01   0.98   1.13   0.75   1.22   1.55
   Dissymétrie
      Kurtosis   5.08   5.01   4.99   3.67   3.51   4.63   4.28   6.39   7.07
 
          *-99.9 Indicates Missing Data/Données manquantes
 
 Warning: annual maximum amount greater than 100-yr return period amount
 Avertissement : la quantité maximale annuelle excède la quantité
                 pour une période de retour de 100 ans
          Year/Année      Duration/Durée        Data/Données          100-yr/ans
                1976              12 h                  41.7                37.2
                1976              24 h                  53.1                46.4
                1990               5 min                12.0                11.6
                1990              10 min                16.0                15.4
                1990              15 min                17.8                17.0
                1990               2 h                  22.8                22.1
 
********************************************************************************
 
Table 2a : Return Period Rainfall Amounts (mm)
           Quantité de pluie (mm) par période de retour
 
********************************************************************************
 
 Duration/Durée        2        5       10       25       50      100   #Years
                  yr/ans   yr/ans   yr/ans   yr/ans   yr/ans   yr/ans   Années
          5 min      3.5      5.7      7.1      8.9     10.2     11.6       51
         10 min      5.0      7.8      9.6     12.0     13.7     15.4       51
         15 min      5.8      8.8     10.8     13.3     15.1     17.0       51
         30 min      6.8      9.9     11.9     14.6     16.5     18.4       51
          1 h        8.0     11.1     13.2     15.8     17.8     19.7       51
          2 h        9.8     13.1     15.3     18.0     20.1     22.1       51
          6 h       13.6     17.5     20.1     23.4     25.8     28.2       51
         12 h       16.7     22.2     25.8     30.4     33.8     37.2       51
         24 h       19.4     26.6     31.4     37.4     41.9     46.4       51
 
********************************************************************************
 
Table 2b :
 
 Return Period Rainfall Rates (mm/h) - 95% Confidence limits
 Intensité de la pluie (mm/h) par période de retour - Limites de confiance de 95%
 
********************************************************************************
 
 Duration/Durée        2        5       10       25       50      100   #Years
                  yr/ans   yr/ans   yr/ans   yr/ans   yr/ans   yr/ans   Années
          5 min     42.1     68.0     85.2    106.8    122.9    138.8       51
                +/-  7.4 +/- 12.4 +/- 16.8 +/- 22.6 +/- 27.1 +/- 31.5       51
         10 min     29.7     46.6     57.7     71.8     82.3     92.7       51
                +/-  4.8 +/-  8.1 +/- 10.9 +/- 14.7 +/- 17.6 +/- 20.5       51
         15 min     23.1     35.1     43.1     53.1     60.5     67.9       51
                +/-  3.4 +/-  5.8 +/-  7.8 +/- 10.5 +/- 12.5 +/- 14.6       51
         30 min     13.6     19.8     23.9     29.1     33.0     36.8       51
                +/-  1.8 +/-  3.0 +/-  4.0 +/-  5.4 +/-  6.5 +/-  7.6       51
          1 h        8.0     11.1     13.2     15.8     17.8     19.7       51
                +/-  0.9 +/-  1.5 +/-  2.0 +/-  2.7 +/-  3.3 +/-  3.8       51
          2 h        4.9      6.5      7.6      9.0     10.0     11.0       51
                +/-  0.5 +/-  0.8 +/-  1.1 +/-  1.4 +/-  1.7 +/-  2.0       51
          6 h        2.3      2.9      3.4      3.9      4.3      4.7       51
                +/-  0.2 +/-  0.3 +/-  0.4 +/-  0.6 +/-  0.7 +/-  0.8       51
         12 h        1.4      1.8      2.2      2.5      2.8      3.1       51
                +/-  0.1 +/-  0.2 +/-  0.3 +/-  0.4 +/-  0.5 +/-  0.6       51
         24 h        0.8      1.1      1.3      1.6      1.7      1.9       51
                +/-  0.1 +/-  0.1 +/-  0.2 +/-  0.3 +/-  0.3 +/-  0.4       51
 
********************************************************************************
 
Table 3 : Interpolation Equation / Équation d'interpolation: R = A*T^B
 
R = Interpolated Rainfall rate (mm/h)/Intensité interpolée de la pluie (mm/h)
RR = Rainfall rate (mm/h) / Intensité de la pluie (mm/h)
 T = Rainfall duration (h) / Durée de la pluie (h)
 
********************************************************************************
 
       Statistics/Statistiques      2      5     10     25     50    100
                               yr/ans yr/ans yr/ans yr/ans yr/ans yr/ans
      Mean of RR/Moyenne de RR   14.0   21.4   26.4   32.6   37.3   41.9
    Std. Dev. /Écart-type (RR)   14.6   23.6   29.6   37.1   42.7   48.2
        Std. Error/Erreur-type    2.0    2.6    3.0    3.7    4.2    4.7
               Coefficient (A)    8.0   11.5   13.9   16.7   18.9   21.0
         Exponent/Exposant (B) -0.710 -0.746 -0.759 -0.771 -0.777 -0.782
 Mean % Error/% erreur moyenne    3.6    4.6    5.4    6.2    6.7    7.0
