                     Environment and Climate Change Canada
                 Environnement et Changement climatique Canada
                                        
           Short Duration Rainfall Intensity-Duration-Frequency Data
          Données sur l'intensité, la durée et la fréquence des chutes
                            de pluie de courte durée
                                        
                 Gumbel - Method of moments/Méthode des moments
                                        
                                   2022/10/31
                                        
================================================================================
 
 AGASSIZ RCS                                            BC        1100119       
                     
 Latitude:  49 14'N    Longitude: 121 46'W   Elevation/Altitude: 19         m
 
 Years/Années :  1955 - 2021          # Years/Années :     34   
 
================================================================================
 
********************************************************************************
 
Table 1 : Annual Maximum (mm)/Maximum annuel (mm)
 
********************************************************************************
 
          Year  5 min 10 min 15 min 30 min    1 h    2 h    6 h   12 h   24 h
         Année
          1955    3.0    3.8    5.1    7.9   13.0   19.6   37.1   69.1  125.2
          1959    3.0    5.6    6.3    9.9   16.0   23.4   41.1   55.4   92.2
          1960    2.3    3.3    4.3    7.9    9.7   16.5   27.9   43.4   58.7
          1961    2.3    3.6    5.3    5.8    9.4   13.7   31.0   49.0   94.5
          1962    3.0    4.1    5.1    8.1   11.4   19.8   31.0   40.4   53.1
          1963    2.3    3.0    3.6    4.8    7.9   14.5   37.6   57.1   72.6
          1964    2.0    3.8    5.1    9.7   14.7   19.0   34.0   42.4   63.0
          1965    2.8    3.8    5.1    6.1   10.4   13.2   29.5   49.0   75.9
          1966    2.0    4.1    4.6    5.6    8.9   14.5   28.4   41.7   70.6
          1967    2.5    4.1    5.1    8.4   12.2   15.0   31.7   47.5   56.6
          1968    3.3    5.8    6.1    6.9    9.7   18.3   30.0   48.3   83.3
          1969    2.5    4.1    6.1    8.9   10.7   18.0   35.8   59.4   77.7
          1970    2.0    3.8    5.6    9.1   14.2   16.8   25.4   38.9   51.6
          1971    2.0    3.6    4.3    6.3    9.1   15.2   37.8   53.8   81.3
          1972    3.0    4.3    4.6    5.3    9.1   15.7   33.8   62.2  101.9
          1973    3.3    4.1    4.3    6.6   10.9   18.8   40.1   46.5   63.2
          1974    5.8    6.6    6.9    7.9    9.4   14.5   29.2   51.8   83.8
          1975    2.0    2.3    3.6    6.9    9.4   17.8   37.8   63.0   78.7
          1976  -99.9  -99.9  -99.9  -99.9   10.9   12.2   26.9   44.7   59.7
          1977  -99.9  -99.9  -99.9  -99.9   14.0   16.0   30.0   57.7   86.1
          1978  -99.9  -99.9  -99.9  -99.9   10.6   19.5   29.4   39.8   54.7
          1979  -99.9  -99.9  -99.9  -99.9   16.6   20.2   36.4   57.7   94.5
          1980  -99.9  -99.9  -99.9  -99.9    8.4   14.0   37.3   63.8   83.2
          1981  -99.9  -99.9  -99.9  -99.9    7.8   14.4   36.5   53.0   61.8
          1982  -99.9  -99.9  -99.9  -99.9   15.1   17.1   33.4   46.8   61.0
          1983  -99.9  -99.9  -99.9  -99.9   13.1   16.8   34.6   52.5   86.1
          1984  -99.9  -99.9  -99.9  -99.9   14.8   23.8   48.9   81.7  130.3
          1985  -99.9  -99.9  -99.9  -99.9   13.4   21.4   36.6   46.6   79.5
          1986  -99.9  -99.9  -99.9  -99.9   12.4   19.3   39.8   59.5   99.4
          1987  -99.9  -99.9  -99.9  -99.9    8.6   14.2   30.7   51.6   68.4
          1988  -99.9  -99.9  -99.9  -99.9    9.7   15.6   31.6   44.8   67.4
          1989  -99.9  -99.9  -99.9  -99.9    8.4   13.7   34.3   63.5   92.9
          1990    2.6    4.2    5.4    8.2   12.2   18.7   37.2   70.2  110.2
          1991    2.4    3.6    4.8    5.4    7.6   14.0   30.6   46.8   72.4
          1992    4.2    7.6    9.0   11.2   13.8   20.8   42.2   53.0   61.8
          1993    4.4    7.0    7.6   10.0   15.8   18.6   23.4   42.8   61.2
          1994    2.6    4.0    5.2    7.2    9.6   16.0   25.0   38.8   54.0
          2009    6.0    8.4    9.6   11.4   13.8   17.2   32.0   47.2   69.2
          2010    6.6    6.6    6.6    6.6    8.2   14.4   29.4   54.2   83.2
          2011    7.8    7.8    8.4   14.8   22.2   30.8   41.4   56.2   73.8
          2012   10.4   13.6   15.2   17.2   18.4   19.8   33.0   47.4   63.4
          2013    8.4    8.8    9.2   11.4   17.4   25.8   44.8   59.0   73.2
          2014   10.6   11.2   11.4   12.6   13.0   22.6   34.0   52.4   71.4
          2015   21.0   30.0   33.6   37.0   40.4   44.4   56.0   62.0   66.6
          2016    3.6    6.0    6.6    8.2   13.0   17.6   26.2   45.6   58.8
          2017    2.4    4.4    5.4    8.6   12.4   20.2   47.8   68.2   78.8
          2020    3.4    4.8    5.6    7.6   11.0   14.4   32.4   52.6   78.4
          2021    7.2   10.0   11.6   13.8   15.0   21.2   48.8   81.4  138.8
        ---------------------------------------------------------------------
        # Yrs.     34     34     34     34     48     48     48     48     48
        Années
          Mean    4.5    6.2    7.2    9.5   12.6   18.3   34.8   53.3   77.6
       Moyenne
     Std. Dev.    3.8    4.9    5.3    5.6    5.2    5.3    6.8   10.1   19.7
    Écart-type
         Skew.   2.90   3.74   4.03   3.79   3.53   2.90   0.96   0.92   1.29
   Dissymétrie
      Kurtosis  13.37  19.71  21.79  20.38  20.36  15.10   4.25   3.99   4.89
 
          *-99.9 Indicates Missing Data/Données manquantes
 
 Warning: annual maximum amount greater than 100-yr return period amount
 Avertissement : la quantité maximale annuelle excède la quantité
                 pour une période de retour de 100 ans
          Year/Année      Duration/Durée        Data/Données          100-yr/ans
                2015               5 min                21.0                16.4
                2015              10 min                30.0                21.6
                2015              15 min                33.6                23.9
                2015              30 min                37.0                27.2
                2015               1 h                  40.4                28.8
                2015               2 h                  44.4                34.9
 
********************************************************************************
 
Table 2a : Return Period Rainfall Amounts (mm)
           Quantité de pluie (mm) par période de retour
 
********************************************************************************
 
 Duration/Durée        2        5       10       25       50      100   #Years
                  yr/ans   yr/ans   yr/ans   yr/ans   yr/ans   yr/ans   Années
          5 min      3.9      7.2      9.4     12.2     14.3     16.4       34
         10 min      5.4      9.8     12.6     16.3     19.0     21.6       34
         15 min      6.4     11.1     14.2     18.1     21.0     23.9       34
         30 min      8.6     13.6     16.8     21.0     24.1     27.2       34
          1 h       11.7     16.3     19.3     23.1     26.0     28.8       48
          2 h       17.4     22.1     25.2     29.1     32.0     34.9       48
          6 h       33.7     39.7     43.6     48.7     52.4     56.1       48
         12 h       51.7     60.6     66.5     73.9     79.5     85.0       48
         24 h       74.3     91.8    103.3    117.9    128.7    139.5       48
 
********************************************************************************
 
Table 2b :
 
 Return Period Rainfall Rates (mm/h) - 95% Confidence limits
 Intensité de la pluie (mm/h) par période de retour - Limites de confiance de 95%
 
********************************************************************************
 
 Duration/Durée        2        5       10       25       50      100   #Years
                  yr/ans   yr/ans   yr/ans   yr/ans   yr/ans   yr/ans   Années
          5 min     46.4     86.6    113.1    146.7    171.6    196.4       34
                +/- 14.0 +/- 23.6 +/- 31.9 +/- 43.0 +/- 51.4 +/- 59.9       34
         10 min     32.5     58.6     75.8     97.6    113.7    129.8       34
                +/-  9.1 +/- 15.3 +/- 20.7 +/- 27.9 +/- 33.3 +/- 38.8       34
         15 min     25.5     44.2     56.7     72.3     84.0     95.5       34
                +/-  6.5 +/- 11.0 +/- 14.9 +/- 20.1 +/- 24.0 +/- 28.0       34
         30 min     17.2     27.1     33.7     42.0     48.2     54.3       34
                +/-  3.5 +/-  5.8 +/-  7.9 +/- 10.6 +/- 12.7 +/- 14.8       34
          1 h       11.7     16.3     19.3     23.1     26.0     28.8       48
                +/-  1.3 +/-  2.3 +/-  3.1 +/-  4.1 +/-  4.9 +/-  5.7       48
          2 h        8.7     11.1     12.6     14.6     16.0     17.4       48
                +/-  0.7 +/-  1.2 +/-  1.6 +/-  2.1 +/-  2.5 +/-  2.9       48
          6 h        5.6      6.6      7.3      8.1      8.7      9.3       48
                +/-  0.3 +/-  0.5 +/-  0.7 +/-  0.9 +/-  1.1 +/-  1.3       48
         12 h        4.3      5.0      5.5      6.2      6.6      7.1       48
                +/-  0.2 +/-  0.4 +/-  0.5 +/-  0.7 +/-  0.8 +/-  0.9       48
         24 h        3.1      3.8      4.3      4.9      5.4      5.8       48
                +/-  0.2 +/-  0.4 +/-  0.5 +/-  0.7 +/-  0.8 +/-  0.9       48
 
********************************************************************************
 
Table 3 : Interpolation Equation / Équation d'interpolation: R = A*T^B
 
R = Interpolated Rainfall rate (mm/h)/Intensité interpolée de la pluie (mm/h)
RR = Rainfall rate (mm/h) / Intensité de la pluie (mm/h)
 T = Rainfall duration (h) / Durée de la pluie (h)
 
********************************************************************************
 
       Statistics/Statistiques      2      5     10     25     50    100
                               yr/ans yr/ans yr/ans yr/ans yr/ans yr/ans
      Mean of RR/Moyenne de RR   17.2   28.8   36.5   46.2   53.4   60.5
    Std. Dev. /Écart-type (RR)   14.8   28.8   38.0   49.7   58.3   66.9
        Std. Error/Erreur-type    1.7    4.0    5.4    7.1    8.3    9.5
               Coefficient (A)   13.2   19.4   23.3   28.1   31.7   35.2
         Exponent/Exposant (B) -0.474 -0.563 -0.598 -0.628 -0.644 -0.657
 Mean % Error/% erreur moyenne    5.9   10.4   11.8   12.9   13.4   13.9
