                     Environment and Climate Change Canada
                 Environnement et Changement climatique Canada
                                        
           Short Duration Rainfall Intensity-Duration-Frequency Data
          Données sur l'intensité, la durée et la fréquence des chutes
                            de pluie de courte durée
                                        
                 Gumbel - Method of moments/Méthode des moments
                                        
                                   2022/10/31
                                        
================================================================================
 
 HANEY UBC RF ADMIN                                     BC        1103332       
                     
 Latitude:  49 16'N    Longitude: 122 34'W   Elevation/Altitude: 147        m
 
 Years/Années :  1963 - 2016          # Years/Années :     52   
 
================================================================================
 
********************************************************************************
 
Table 1 : Annual Maximum (mm)/Maximum annuel (mm)
 
********************************************************************************
 
          Year  5 min 10 min 15 min 30 min    1 h    2 h    6 h   12 h   24 h
         Année
          1963    5.3    7.4    7.9    8.1   15.0   22.4   46.5   74.9  122.2
          1964    3.6    5.1    7.6   11.7   17.0   20.1   34.5   47.0   80.8
          1965    4.1    7.4    9.7   14.5   15.7   17.3   33.3   61.5   87.4
          1966    3.6    4.3    5.6    6.3   10.9   21.3   44.4   71.9  102.1
          1967    4.6    7.4    7.9    8.4   11.7   19.0   33.8   57.9   76.7
          1968    3.0    5.8    8.1   12.4   13.5   21.6   54.6   78.2  136.7
          1969    2.8    4.8    7.1    9.4   11.4   22.9   40.4   54.6   69.1
          1970    4.3    6.9    7.6    8.1   12.7   15.5   36.6   52.3   77.7
          1971    2.5    3.6    4.6    7.6   10.7   15.0   36.6   58.7   97.0
          1972  -99.9  -99.9  -99.9  -99.9   10.2   19.3   46.5   80.5  137.7
          1973  -99.9  -99.9  -99.9  -99.9   19.6   21.3   33.5   65.0   83.1
          1974  -99.9  -99.9  -99.9  -99.9    9.9   17.3   37.1   52.8   92.7
          1975  -99.9  -99.9  -99.9  -99.9    9.9   17.0   34.8   53.6   88.1
          1976  -99.9  -99.9  -99.9  -99.9    9.9   18.0   41.7   51.6   66.5
          1977  -99.9  -99.9  -99.9  -99.9    9.1   16.3   33.8   52.6   72.4
          1978  -99.9  -99.9  -99.9  -99.9    9.3   16.0   28.4   28.4   38.4
          1979  -99.9  -99.9  -99.9  -99.9   13.7   25.6   48.7   84.1  131.9
          1980  -99.9  -99.9  -99.9  -99.9   13.1   23.0   46.8   67.0   87.0
          1981  -99.9  -99.9  -99.9  -99.9   10.4   20.7   42.1   63.2  106.5
          1982  -99.9  -99.9  -99.9  -99.9    9.9   18.7   43.0   64.6   85.4
          1983  -99.9  -99.9  -99.9  -99.9   14.6   29.1   48.6   73.3  122.1
          1984  -99.9  -99.9  -99.9  -99.9   16.7   18.7   39.4   55.7   98.4
          1985  -99.9  -99.9  -99.9  -99.9   14.6   24.0   35.7   49.2   67.9
          1986  -99.9  -99.9  -99.9  -99.9   15.7   23.0   49.8   67.3   93.8
          1987  -99.9  -99.9  -99.9  -99.9   13.1   16.4   24.0   41.4   61.2
          1988  -99.9  -99.9  -99.9  -99.9    8.0   16.0   33.1   47.3   59.0
          1989  -99.9  -99.9  -99.9  -99.9   11.4   20.9   48.1   87.0  119.1
          1990  -99.9  -99.9  -99.9  -99.9   29.4   33.4   42.8   55.4  102.9
          1991  -99.9  -99.9  -99.9  -99.9   13.9   18.4   47.5   68.4   77.0
          1992  -99.9  -99.9  -99.9  -99.9   23.9   27.1   38.8   55.2   94.3
          1993  -99.9  -99.9  -99.9  -99.9   12.7   15.9   37.8   64.2   86.4
          1994  -99.9  -99.9  -99.9  -99.9   14.9   15.4   35.2   43.9   65.0
          1995  -99.9  -99.9  -99.9  -99.9   12.0   20.8   39.0   59.6   93.8
          1996  -99.9  -99.9  -99.9  -99.9   13.6   19.0   36.0   48.8   67.6
          1997  -99.9  -99.9  -99.9  -99.9   20.1   25.9  -99.9  -99.9  127.2
          1998  -99.9  -99.9  -99.9  -99.9   18.9   21.3   30.5   48.4   85.9
          1999  -99.9  -99.9  -99.9  -99.9   13.2   22.7   47.4   72.5   90.2
          2000  -99.9  -99.9  -99.9  -99.9   10.0   15.8   37.5   41.8   60.5
          2001  -99.9  -99.9  -99.9  -99.9   10.4   16.4   35.2   54.2   61.8
          2002  -99.9  -99.9  -99.9  -99.9    8.1   13.0   33.9   58.1  102.4
          2003  -99.9  -99.9  -99.9  -99.9   12.4   23.0   58.6   99.1  148.7
          2004  -99.9  -99.9  -99.9  -99.9   17.6   19.6   31.5   47.5   81.1
          2005  -99.9  -99.9  -99.9  -99.9   22.0   28.2   44.9   74.2  114.2
          2006  -99.9  -99.9  -99.9  -99.9   16.4   23.9   44.4   80.1  109.1
          2007  -99.9  -99.9  -99.9  -99.9   15.1   20.4   48.4   83.3  116.0
          2008  -99.9  -99.9  -99.9  -99.9   11.8   18.0   29.1   41.6   63.5
          2009  -99.9  -99.9  -99.9  -99.9   17.7   21.7   44.3   48.2   76.1
          2010  -99.9  -99.9  -99.9  -99.9   12.2   18.2   40.0   63.2   70.5
          2011  -99.9  -99.9  -99.9  -99.9   21.0   27.1   50.8   70.7   71.6
          2012  -99.9  -99.9  -99.9  -99.9   11.6   18.6   44.6   59.6   93.6
          2014  -99.9  -99.9  -99.9  -99.9   15.7   18.8   47.7   76.4   85.7
          2015  -99.9  -99.9  -99.9  -99.9   20.7   28.7   67.9  120.0  152.0
          2016  -99.9  -99.9  -99.9  -99.9    9.8   15.1   30.3   45.3   55.7
        ---------------------------------------------------------------------
        # Yrs.      9      9      9      9     53     53     52     52     53
        Années
          Mean    3.8    5.9    7.3    9.6   14.0   20.4   40.8   61.9   90.8
       Moyenne
     Std. Dev.    0.9    1.5    1.5    2.7    4.3    4.3    8.2   16.2   25.2
    Écart-type
         Skew.   0.26  -0.23  -0.60   0.80   1.25   0.83   0.70   1.02   0.56
   Dissymétrie
      Kurtosis   3.50   2.62   4.90   3.78   5.09   3.66   4.28   5.29   3.05
 
          *-99.9 Indicates Missing Data/Données manquantes
 
 Warning: annual maximum amount greater than 100-yr return period amount
 Avertissement : la quantité maximale annuelle excède la quantité
                 pour une période de retour de 100 ans
          Year/Année      Duration/Durée        Data/Données          100-yr/ans
                1990               1 h                  29.4                27.6
                2015               6 h                  67.9                66.5
                2015              12 h                 120.0               112.8
 
********************************************************************************
 
Table 2a : Return Period Rainfall Amounts (mm)
           Quantité de pluie (mm) par période de retour
 
********************************************************************************
 
 Duration/Durée        2        5       10       25       50      100   #Years
                  yr/ans   yr/ans   yr/ans   yr/ans   yr/ans   yr/ans   Années
          5 min    -99.9    -99.9    -99.9    -99.9    -99.9    -99.9        9
         10 min    -99.9    -99.9    -99.9    -99.9    -99.9    -99.9        9
         15 min    -99.9    -99.9    -99.9    -99.9    -99.9    -99.9        9
         30 min    -99.9    -99.9    -99.9    -99.9    -99.9    -99.9        9
          1 h       13.3     17.1     19.7     22.8     25.2     27.6       53
          2 h       19.7     23.5     26.0     29.2     31.5     33.8       53
          6 h       39.4     46.7     51.5     57.5     62.0     66.5       52
         12 h       59.3     73.6     83.1     95.1    103.9    112.8       52
         24 h       86.7    108.9    123.7    142.3    156.1    169.8       53
 
********************************************************************************
 
Table 2b :
 
 Return Period Rainfall Rates (mm/h) - 95% Confidence limits
 Intensité de la pluie (mm/h) par période de retour - Limites de confiance de 95%
 
********************************************************************************
 
 Duration/Durée        2        5       10       25       50      100   #Years
                  yr/ans   yr/ans   yr/ans   yr/ans   yr/ans   yr/ans   Années
          5 min    -99.9    -99.9    -99.9    -99.9    -99.9    -99.9        9
                +/--99.9 +/--99.9 +/--99.9 +/--99.9 +/--99.9 +/--99.9        9
         10 min    -99.9    -99.9    -99.9    -99.9    -99.9    -99.9        9
                +/--99.9 +/--99.9 +/--99.9 +/--99.9 +/--99.9 +/--99.9        9
         15 min    -99.9    -99.9    -99.9    -99.9    -99.9    -99.9        9
                +/--99.9 +/--99.9 +/--99.9 +/--99.9 +/--99.9 +/--99.9        9
         30 min    -99.9    -99.9    -99.9    -99.9    -99.9    -99.9        9
                +/--99.9 +/--99.9 +/--99.9 +/--99.9 +/--99.9 +/--99.9        9
          1 h       13.3     17.1     19.7     22.8     25.2     27.6       53
                +/-  1.1 +/-  1.8 +/-  2.4 +/-  3.3 +/-  3.9 +/-  4.6       53
          2 h        9.9     11.8     13.0     14.6     15.7     16.9       53
                +/-  0.5 +/-  0.9 +/-  1.2 +/-  1.6 +/-  1.9 +/-  2.3       53
          6 h        6.6      7.8      8.6      9.6     10.3     11.1       52
                +/-  0.3 +/-  0.6 +/-  0.8 +/-  1.0 +/-  1.3 +/-  1.5       52
         12 h        4.9      6.1      6.9      7.9      8.7      9.4       52
                +/-  0.3 +/-  0.6 +/-  0.8 +/-  1.0 +/-  1.2 +/-  1.4       52
         24 h        3.6      4.5      5.2      5.9      6.5      7.1       53
                +/-  0.3 +/-  0.4 +/-  0.6 +/-  0.8 +/-  1.0 +/-  1.1       53
 
********************************************************************************
 
Table 3 : Interpolation Equation / Équation d'interpolation: R = A*T^B
 
R = Interpolated Rainfall rate (mm/h)/Intensité interpolée de la pluie (mm/h)
RR = Rainfall rate (mm/h) / Intensité de la pluie (mm/h)
 T = Rainfall duration (h) / Durée de la pluie (h)
 
********************************************************************************
 
       Statistics/Statistiques      2      5     10     25     50    100
                               yr/ans yr/ans yr/ans yr/ans yr/ans yr/ans
      Mean of RR/Moyenne de RR    7.7    9.5   10.7   12.2   13.3   14.4
    Std. Dev. /Écart-type (RR)    3.9    5.1    5.8    6.8    7.5    8.2
        Std. Error/Erreur-type    0.1    0.6    0.9    1.3    1.7    2.0
               Coefficient (A)   13.3   16.4   18.4   21.0   22.9   24.8
         Exponent/Exposant (B) -0.404 -0.405 -0.406 -0.406 -0.406 -0.406
 Mean % Error/% erreur moyenne    1.4    2.9    4.3    5.7    6.5    7.2
