                     Environment and Climate Change Canada
                 Environnement et Changement climatique Canada
                                        
           Short Duration Rainfall Intensity-Duration-Frequency Data
          Données sur l'intensité, la durée et la fréquence des chutes
                            de pluie de courte durée
                                        
                 Gumbel - Method of moments/Méthode des moments
                                        
                                   2022/10/31
                                        
================================================================================
 
 GANDER AIRPORT CS                                      NL        8401705       
                     
 Latitude:  48 57'N    Longitude: 54 34'W    Elevation/Altitude: 151        m
 
 Years/Années :  1939 - 2021          # Years/Années :     72   
 
================================================================================
 
********************************************************************************
 
Table 1 : Annual Maximum (mm)/Maximum annuel (mm)
 
********************************************************************************
 
          Year  5 min 10 min 15 min 30 min    1 h    2 h    6 h   12 h   24 h
         Année
          1939    6.1    7.6   11.4   11.4   13.0   16.0   26.7   32.0   35.1
          1941    3.6    5.1    6.6    8.1   13.5   19.6   35.1   39.1   58.7
          1942    3.0    5.6    7.6    9.4   13.0   25.1   61.5   81.5  103.4
          1945    4.1    4.3    4.6    4.6    7.4   14.0   24.1   25.7   30.0
          1946    2.5    3.8    4.6    6.9    9.9   13.5   20.8   24.4   40.9
          1947    4.1    6.6    8.6   13.2   14.0   14.2   32.3   32.3   32.3
          1948    7.1   11.4   13.5   14.7   19.3   22.1   33.8   46.7   53.3
          1949   15.2   22.9   27.9   40.6   46.2   46.5   51.1   51.6   52.3
          1950    4.6    8.9   10.9   12.2   14.5   16.0   21.3   42.7   50.0
          1951    4.6    7.6    9.7   12.7   20.8  -99.9  -99.9  -99.9   98.3
          1952    7.6    8.6   11.2   15.7   17.5   18.0   23.6   27.7   29.5
          1953    4.6    9.1   12.2   16.8   18.3   22.1   29.2   41.9   47.2
          1954    4.3    7.1    7.9    9.9   11.2   18.0   27.2   37.3   41.4
          1955    4.6    7.6    9.7   10.4   11.7   18.3   24.1   31.0   35.1
          1956    2.0    3.3    4.8    7.4   14.5   16.3   21.3   26.9   31.0
          1958    2.5    4.8    5.1    9.4   12.4   19.3   40.4   44.7   49.5
          1959    2.8    5.1    5.3    5.8    7.6   10.9   25.9   32.3   38.1
          1960    5.6    6.3    6.3    8.1    9.4   14.7   31.5   33.0   33.0
          1961    3.6    5.3    7.6   13.7   18.8   31.2   33.3   33.5   38.9
          1962    6.3   12.7   15.2   25.1   27.2   31.2   31.2   32.8   36.6
          1963    8.4   10.7   12.4   15.2   15.5   23.1   46.7   49.5   49.5
          1964    4.1    5.8    6.3    8.4   10.9   19.6   35.3   38.4   38.9
          1965    2.5    2.8    3.3    5.8    8.4   13.2   24.9   39.1   39.9
          1966    9.1   12.7   14.7   17.8   17.8   20.1   26.9   37.3   38.9
          1967    4.3    6.1    7.6    9.9   10.9   13.0   29.5   35.6   39.1
          1968    8.6    9.1    9.1    9.7   10.4   12.4   21.6   37.8   45.0
          1969    3.6    6.6    6.6    6.6    9.1   14.2   23.4   36.3   45.0
          1970    2.8    5.1    6.1    9.1   13.2   15.7   21.6   27.4   45.0
          1971    3.0    3.3    3.6    5.1    7.6   12.4   26.7   43.4   55.9
          1972    2.0    2.8    3.0    4.1    6.3    9.7   16.3   20.6   30.2
          1973    4.3    6.9    8.9   14.7   18.5   22.1   29.7   40.6   46.0
          1974    2.5    3.6    4.6    7.6   11.9   17.0   21.1   27.9   36.8
          1975    5.1    6.3    7.1   10.2   12.4   14.5   26.7   37.6   41.7
          1976    4.3    6.1    6.1    8.4   11.9   17.8   24.4   33.8   38.6
          1977    5.1    5.6    6.6    8.4   10.7   16.5   29.7   37.6   38.9
          1978    5.3    5.9    6.9    7.3    9.2   12.9   20.8   21.2   21.2
          1979    6.1    8.7    9.3   10.3   13.1   19.1   26.0   31.1   40.8
          1980    5.8    8.3    8.7   11.4   15.4   23.9   30.3   47.0   59.3
          1981    2.8    4.4    5.9    7.9   12.9   16.6   29.8   38.1   70.1
          1982    2.9    3.9    4.3    6.2    9.3   12.3   23.8   33.0   42.0
          1983    4.6    6.9    8.4   13.4   15.2   15.6   26.0   33.8   40.8
          1984    5.2    6.3    7.5    8.4   10.0   19.2   36.8   37.4   46.6
          1985    4.1    4.8    5.2    6.4   10.3   16.5   24.4   36.0   38.2
          1986    5.4    7.9    8.3   10.9   15.1   24.2   46.7   64.6   68.9
          1987    2.1    3.1    3.7    6.2   10.7   16.9   29.1   35.9   45.4
          1988    4.2    6.0    8.9   14.7   18.3   28.5   45.8   46.0   52.8
          1989    3.9    7.7   10.7   15.8   20.2   21.3   30.7   43.9   55.4
          1990    5.6    7.5    8.1   10.1   11.0   12.3   23.3   43.3   75.4
          1991    4.7    6.6    6.6    7.7   11.9   17.8   31.4   33.8   45.9
          1992    4.4    7.4   11.1   12.5   12.5   17.5   42.6   61.2   64.2
          1993    3.2    5.3    7.8   10.8   17.0   27.7   48.9   53.7   60.6
          1994    3.3    6.6    7.2    7.6   11.4   16.5   20.1   26.6   32.8
          1995    7.9    8.1    8.3    9.2   10.6   15.8   39.6   65.6   71.5
          1996    6.3    9.3   10.5   11.2   14.6   19.6   34.2   50.3   67.5
          1997    3.8    5.8    6.2    8.8   12.0   16.7   31.6   54.8   57.6
          1998    8.0   10.7   12.3   18.5   18.5   18.7   33.1   40.7   59.1
          1999    3.2    4.3    5.6    8.6   12.8   18.2   25.8   44.1   57.0
          2000    6.8   12.2   13.2   19.8   24.5   28.4   32.0   33.4   41.0
          2001    3.0    4.0    4.9    9.6   10.6   14.6   24.3  -99.9   33.8
          2002    8.0   10.8   13.9   18.4   21.1   32.9   37.6   37.6   45.2
          2003    3.9    4.5    6.0    9.4   14.0   20.9   44.3   61.8   89.1
          2004    3.5    5.4    7.9   11.0   14.0   19.7   34.4   44.6   68.4
          2005    7.8    7.8   11.2   16.0   19.4   32.6   37.8   38.2   43.2
          2006    4.0    5.4    5.4    7.6   12.2   20.8   35.0   44.0   52.0
          2007    3.6    5.2    7.0    8.0   11.6   18.0   41.2   48.8   51.4
          2008    6.4   11.6   14.4   15.6   18.4   20.0   37.4   49.8   54.2
          2009    3.0    4.8    6.4   11.2   18.2   29.8   53.2   58.6   59.0
          2010    7.0   13.4   18.0   20.0   20.0   20.2   40.2   70.4   98.4
          2011    5.8    7.6    8.2   10.2   13.0   20.2   39.2   46.8   48.2
          2012    4.2    6.4    8.4   14.2   16.8   27.6   39.0   41.8   42.8
          2016   10.6   11.4   11.8   11.8   12.0   19.0   50.0   89.0  127.8
          2017    6.0    8.0    8.4    9.6   15.6   26.2   32.8   32.8   33.0
          2020    4.2    6.8    8.0   10.2   11.4   15.6   28.8   39.4   42.2
          2021    5.4    6.4    7.0    8.8   10.6   15.2   23.4   35.0   41.0
        ---------------------------------------------------------------------
        # Yrs.     74     74     74     74     74     73     73     72     74
        Années
          Mean    4.9    7.1    8.5   11.2   14.2   19.4   31.9   41.3   50.1
       Moyenne
     Std. Dev.    2.2    3.1    3.9    5.3    5.6    6.2    9.1   12.8   18.6
    Écart-type
         Skew.   1.76   2.05   2.08   2.69   2.87   1.60   0.91   1.43   1.87
   Dissymétrie
      Kurtosis   8.36  10.77  10.85  14.95  17.06   7.05   3.72   5.96   7.50
 
          *-99.9 Indicates Missing Data/Données manquantes
 
 Warning: annual maximum amount greater than 100-yr return period amount
 Avertissement : la quantité maximale annuelle excède la quantité
                 pour une période de retour de 100 ans
          Year/Année      Duration/Durée        Data/Données          100-yr/ans
                1942               6 h                  61.5                60.5
                1942              12 h                  81.5                81.3
                1949               5 min                15.2                11.9
                1949              10 min                22.9                16.9
                1949              15 min                27.9                20.6
                1949              30 min                40.6                27.9
                1949               1 h                  46.2                31.7
                1949               2 h                  46.5                39.0
                2016              12 h                  89.0                81.3
                2016              24 h                 127.8               108.4
 
********************************************************************************
 
Table 2a : Return Period Rainfall Amounts (mm)
           Quantité de pluie (mm) par période de retour
 
********************************************************************************
 
 Duration/Durée        2        5       10       25       50      100   #Years
                  yr/ans   yr/ans   yr/ans   yr/ans   yr/ans   yr/ans   Années
          5 min      4.6      6.5      7.8      9.5     10.7     11.9       74
         10 min      6.6      9.3     11.2     13.5     15.2     16.9       74
         15 min      7.9     11.3     13.5     16.4     18.5     20.6       74
         30 min     10.4     15.1     18.2     22.1     25.0     27.9       74
          1 h       13.3     18.2     21.5     25.6     28.6     31.7       74
          2 h       18.4     23.9     27.6     32.2     35.6     39.0       73
          6 h       30.4     38.5     43.8     50.5     55.5     60.5       73
         12 h       39.2     50.5     57.9     67.4     74.4     81.3       72
         24 h       47.1     63.5     74.3     88.1     98.3    108.4       74
 
********************************************************************************
 
Table 2b :
 
 Return Period Rainfall Rates (mm/h) - 95% Confidence limits
 Intensité de la pluie (mm/h) par période de retour - Limites de confiance de 95%
 
********************************************************************************
 
 Duration/Durée        2        5       10       25       50      100   #Years
                  yr/ans   yr/ans   yr/ans   yr/ans   yr/ans   yr/ans   Années
          5 min     54.7     78.3     93.8    113.5    128.1    142.6       74
                +/-  5.6 +/-  9.4 +/- 12.7 +/- 17.1 +/- 20.4 +/- 23.8       74
         10 min     39.4     56.0     67.0     80.9     91.3    101.5       74
                +/-  3.9 +/-  6.6 +/-  8.9 +/- 12.1 +/- 14.4 +/- 16.8       74
         15 min     31.4     45.0     54.1     65.5     73.9     82.3       74
                +/-  3.2 +/-  5.4 +/-  7.3 +/-  9.9 +/- 11.8 +/- 13.8       74
         30 min     20.8     30.1     36.4     44.2     50.1     55.8       74
                +/-  2.2 +/-  3.7 +/-  5.1 +/-  6.8 +/-  8.2 +/-  9.5       74
          1 h       13.3     18.2     21.5     25.6     28.6     31.7       74
                +/-  1.2 +/-  2.0 +/-  2.6 +/-  3.6 +/-  4.3 +/-  5.0       74
          2 h        9.2     12.0     13.8     16.1     17.8     19.5       73
                +/-  0.7 +/-  1.1 +/-  1.5 +/-  2.0 +/-  2.4 +/-  2.8       73
          6 h        5.1      6.4      7.3      8.4      9.3     10.1       73
                +/-  0.3 +/-  0.5 +/-  0.7 +/-  1.0 +/-  1.2 +/-  1.4       73
         12 h        3.3      4.2      4.8      5.6      6.2      6.8       72
                +/-  0.2 +/-  0.4 +/-  0.5 +/-  0.7 +/-  0.8 +/-  1.0       72
         24 h        2.0      2.6      3.1      3.7      4.1      4.5       74
                +/-  0.2 +/-  0.3 +/-  0.4 +/-  0.5 +/-  0.6 +/-  0.7       74
 
********************************************************************************
 
Table 3 : Interpolation Equation / Équation d'interpolation: R = A*T^B
 
R = Interpolated Rainfall rate (mm/h)/Intensité interpolée de la pluie (mm/h)
RR = Rainfall rate (mm/h) / Intensité de la pluie (mm/h)
 T = Rainfall duration (h) / Durée de la pluie (h)
 
********************************************************************************
 
       Statistics/Statistiques      2      5     10     25     50    100
                               yr/ans yr/ans yr/ans yr/ans yr/ans yr/ans
      Mean of RR/Moyenne de RR   19.9   28.1   33.5   40.4   45.5   50.5
    Std. Dev. /Écart-type (RR)   18.4   26.5   31.9   38.8   43.8   48.9
        Std. Error/Erreur-type    1.4    2.4    3.1    4.1    4.8    5.5
               Coefficient (A)   13.6   18.7   22.0   26.2   29.3   32.4
         Exponent/Exposant (B) -0.584 -0.605 -0.614 -0.622 -0.626 -0.630
 Mean % Error/% erreur moyenne    3.6    3.3    3.4    4.0    4.4    4.8
