                     Environment and Climate Change Canada
                 Environnement et Changement climatique Canada
                                        
           Short Duration Rainfall Intensity-Duration-Frequency Data
          Données sur l'intensité, la durée et la fréquence des chutes
                            de pluie de courte durée
                                        
                 Gumbel - Method of moments/Méthode des moments
                                        
                                   2022/10/31
                                        
================================================================================
 
 ST LAWRENCE                                            NL        8403619       
                     
 Latitude:  46 55'N    Longitude: 55 23'W    Elevation/Altitude: 48         m
 
 Years/Années :  1969 - 2021          # Years/Années :     40   
 
================================================================================
 
********************************************************************************
 
Table 1 : Annual Maximum (mm)/Maximum annuel (mm)
 
********************************************************************************
 
          Year  5 min 10 min 15 min 30 min    1 h    2 h    6 h   12 h   24 h
         Année
          1969    4.6    7.1    8.4   11.7   15.7   23.4   54.6   62.7   66.5
          1970    5.1    9.7   11.7   14.0   26.2   38.1   61.0   83.8  104.9
          1971    3.6    5.6    7.1   13.7   18.3   19.8   30.0   40.4   49.5
          1972    6.1   10.7   10.9   16.3   21.3   37.1   52.1   59.2   66.3
          1973    4.8    8.4   11.7   14.2   22.9   33.0   59.7   63.2   76.5
          1974    5.1    9.4   14.2   21.1   34.0   50.3   64.5   72.9   74.4
          1975    5.3    8.1    8.9   13.2   17.8   26.4   49.5   74.7   84.8
          1976    5.8    6.9    7.6   10.2   12.4   21.6   36.8   43.7   43.7
          1977    5.3    7.9    9.1   11.4   21.8   25.7   57.9   71.1   71.1
          1978    4.8    9.6   12.6   20.9   25.5   33.7   68.3   72.0   78.7
          1979    8.2   13.7   17.3   26.0   34.2   43.8   75.2   79.2   79.6
          1980    4.2    8.2    9.0   13.0   17.3   25.1   34.6   41.9   49.6
          1981    5.8    6.3    6.9    8.7   13.7   17.9   32.4   46.1   54.5
          1982    6.0   11.3   13.7   18.5   19.3   27.9   39.2   61.6   76.7
          1983    7.8   11.8   14.1   19.7   27.4   40.4   76.7   89.9   98.6
          1984    4.8    9.0   11.3   17.7   31.9   40.6   65.0   67.7  101.5
          1985    5.8    6.7    7.5   11.0   14.2   27.6   47.0   54.2   54.4
          1986    7.4    9.3    9.3    9.3   13.3   18.9   44.0   52.0   71.9
          1987    4.4    7.6   10.9   18.4   32.2   49.8   62.8   62.8   62.8
          1988    5.4    6.5    7.6   14.0   22.2   29.2   55.5   80.5   92.8
          1989    5.0    7.3    9.2   14.0   22.5   42.2   66.0   71.1   71.1
          1990    5.6    7.3   10.3   18.3   31.6   42.0   47.9   56.8   67.6
          1991    5.7    6.8    8.6   14.8   22.3   30.7   52.6   53.8   53.8
          1992    9.9   12.2   12.9   16.1   24.6   33.4   39.2   71.4   97.2
          1993    8.1   16.2   20.2   26.3   30.3   33.4   45.7   54.6   55.2
          1994    4.7    6.8    9.9   12.7   25.1   38.3   53.8   58.2   85.0
          1995    5.2    6.7    9.6   19.1   32.7   58.0   95.5  111.5  116.1
          1996    5.0    7.9    9.9   14.7   22.0   27.6   37.1   48.8   58.2
          2004  -99.9  -99.9  -99.9  -99.9  -99.9   16.8   30.8   37.0   42.4
          2005  -99.9  -99.9  -99.9  -99.9  -99.9   24.6  -99.9  -99.9  -99.9
          2006  -99.9  -99.9  -99.9  -99.9  -99.9   24.4   40.8   43.8   49.3
          2007    6.0   12.0   18.0   28.8   28.8   32.4   64.9   81.4  107.6
          2008    4.6    9.0   11.4   17.0   23.0   27.2   34.4   51.8   61.6
          2009    6.4    9.0   10.8   21.0   24.4   45.2   65.8   71.2   71.2
          2010    3.6    7.2    9.2   15.4   27.6   46.8   93.6  146.0  220.6
          2011    7.4   11.6   11.6   17.8   27.0   41.6   55.4   61.2   69.2
          2012    3.8    6.6    9.6   15.8   28.2   41.4   62.0   71.4   76.8
          2013    7.0   14.0   20.4   29.8   41.0   42.2   48.6   63.2   64.2
          2015    6.4    8.2    9.8   14.0   16.4   20.2   29.8   34.0   40.8
          2016    7.4   10.8   12.6   17.2   22.6   32.0   37.0   41.8   50.8
          2017    6.8   10.0   11.8   17.0   21.8   33.4   43.8   50.2   50.8
          2018   11.2   11.8   14.0   21.6   29.0   37.0   46.4   62.4   68.0
          2019    8.8   10.8   11.4   17.0   23.4   33.2   66.4   74.2   94.6
          2020  -99.9  -99.9  -99.9  -99.9  -99.9  -99.9   51.6   71.6   94.4
          2021  -99.9  -99.9  -99.9   22.2   31.2   36.0   42.2   49.0   50.0
        ---------------------------------------------------------------------
        # Yrs.     40     40     40     41     41     44     44     44     44
        Années
          Mean    6.0    9.2   11.3   16.9   24.3   33.4   52.7   64.0   74.4
       Moyenne
     Std. Dev.    1.7    2.4    3.3    4.9    6.5    9.6   15.6   20.0   29.6
    Écart-type
         Skew.   1.17   0.89   1.28   0.81   0.17   0.30   0.74   1.77   2.92
   Dissymétrie
      Kurtosis   4.68   3.58   4.73   3.74   2.97   2.83   3.75   8.81  16.03
 
          *-99.9 Indicates Missing Data/Données manquantes
 
 Warning: annual maximum amount greater than 100-yr return period amount
 Avertissement : la quantité maximale annuelle excède la quantité
                 pour une période de retour de 100 ans
          Year/Année      Duration/Durée        Data/Données          100-yr/ans
                2010              12 h                 146.0               126.8
                2010              24 h                 220.6               167.2
 
********************************************************************************
 
Table 2a : Return Period Rainfall Amounts (mm)
           Quantité de pluie (mm) par période de retour
 
********************************************************************************
 
 Duration/Durée        2        5       10       25       50      100   #Years
                  yr/ans   yr/ans   yr/ans   yr/ans   yr/ans   yr/ans   Années
          5 min      5.7      7.2      8.1      9.4     10.3     11.2       40
         10 min      8.7     10.9     12.3     14.1     15.5     16.8       40
         15 min     10.7     13.6     15.5     17.9     19.7     21.5       40
         30 min     16.1     20.5     23.4     27.0     29.7     32.4       41
          1 h       23.2     29.0     32.8     37.6     41.2     44.8       41
          2 h       31.8     40.3     45.9     53.0     58.3     63.5       44
          6 h       50.1     63.9     73.0     84.5     93.1    101.6       44
         12 h       60.7     78.4     90.1    104.9    115.9    126.8       44
         24 h       69.6     95.7    113.0    134.9    151.1    167.2       44
 
********************************************************************************
 
Table 2b :
 
 Return Period Rainfall Rates (mm/h) - 95% Confidence limits
 Intensité de la pluie (mm/h) par période de retour - Limites de confiance de 95%
 
********************************************************************************
 
 Duration/Durée        2        5       10       25       50      100   #Years
                  yr/ans   yr/ans   yr/ans   yr/ans   yr/ans   yr/ans   Années
          5 min     68.4     86.1     97.8    112.6    123.5    134.4       40
                +/-  5.7 +/-  9.6 +/- 12.9 +/- 17.5 +/- 20.9 +/- 24.3       40
         10 min     52.5     65.4     74.0     84.8     92.8    100.7       40
                +/-  4.2 +/-  7.0 +/-  9.5 +/- 12.8 +/- 15.3 +/- 17.8       40
         15 min     43.0     54.5     62.1     71.8     78.9     86.1       40
                +/-  3.7 +/-  6.3 +/-  8.4 +/- 11.4 +/- 13.6 +/- 15.9       40
         30 min     32.2     40.9     46.7     54.0     59.4     64.8       41
                +/-  2.8 +/-  4.7 +/-  6.3 +/-  8.5 +/- 10.2 +/- 11.9       41
          1 h       23.2     29.0     32.8     37.6     41.2     44.8       41
                +/-  1.8 +/-  3.1 +/-  4.2 +/-  5.6 +/-  6.7 +/-  7.8       41
          2 h       15.9     20.2     23.0     26.5     29.1     31.7       44
                +/-  1.3 +/-  2.2 +/-  3.0 +/-  4.0 +/-  4.8 +/-  5.6       44
          6 h        8.4     10.6     12.2     14.1     15.5     16.9       44
                +/-  0.7 +/-  1.2 +/-  1.6 +/-  2.2 +/-  2.6 +/-  3.0       44
         12 h        5.1      6.5      7.5      8.7      9.7     10.6       44
                +/-  0.5 +/-  0.8 +/-  1.0 +/-  1.4 +/-  1.7 +/-  1.9       44
         24 h        2.9      4.0      4.7      5.6      6.3      7.0       44
                +/-  0.3 +/-  0.6 +/-  0.8 +/-  1.0 +/-  1.2 +/-  1.4       44
 
********************************************************************************
 
Table 3 : Interpolation Equation / Équation d'interpolation: R = A*T^B
 
R = Interpolated Rainfall rate (mm/h)/Intensité interpolée de la pluie (mm/h)
RR = Rainfall rate (mm/h) / Intensité de la pluie (mm/h)
 T = Rainfall duration (h) / Durée de la pluie (h)
 
********************************************************************************
 
       Statistics/Statistiques      2      5     10     25     50    100
                               yr/ans yr/ans yr/ans yr/ans yr/ans yr/ans
      Mean of RR/Moyenne de RR   27.9   35.3   40.1   46.2   50.7   55.2
    Std. Dev. /Écart-type (RR)   22.9   28.7   32.5   37.3   40.9   44.5
        Std. Error/Erreur-type    4.8    5.4    5.9    6.5    7.0    7.4
               Coefficient (A)   20.4   26.0   29.7   34.3   37.8   41.2
         Exponent/Exposant (B) -0.551 -0.540 -0.535 -0.530 -0.527 -0.525
 Mean % Error/% erreur moyenne    9.9    8.7    8.2    7.8    7.6    7.5
