                     Environment and Climate Change Canada
                 Environnement et Changement climatique Canada
                                        
           Short Duration Rainfall Intensity-Duration-Frequency Data
          Données sur l'intensité, la durée et la fréquence des chutes
                            de pluie de courte durée
                                        
                 Gumbel - Method of moments/Méthode des moments
                                        
                                   2022/10/31
                                        
================================================================================
 
 STEPHENVILLE RCS                                       NL        8403820       
                     
 Latitude:  48 34'N    Longitude: 58 34'W    Elevation/Altitude: 58         m
 
 Years/Années :  1967 - 2021          # Years/Années :     51   
 
================================================================================
 
********************************************************************************
 
Table 1 : Annual Maximum (mm)/Maximum annuel (mm)
 
********************************************************************************
 
          Year  5 min 10 min 15 min 30 min    1 h    2 h    6 h   12 h   24 h
         Année
          1967    4.3    7.9    8.9   14.0   18.0   18.5   25.4   38.6   51.8
          1968    4.1    6.9    8.1    8.6   14.0   17.0   36.6   52.8   70.6
          1969    2.3    3.3    4.1    5.8    7.6   14.5   29.7   48.3   58.4
          1970    4.8    8.6    8.6    9.1   14.0   21.6   39.6   41.4   54.9
          1971    3.8    5.6    7.9   11.2   16.8   21.6   37.6   47.5   57.4
          1972    6.1    7.4    9.1   12.7   15.7   25.1   40.9   43.4   48.8
          1973    2.8    5.3    7.1   10.7   20.6   37.6   49.0   52.8   89.7
          1974    3.3    4.3    6.6   11.4   18.5   25.7   47.0   60.5   63.0
          1975    5.6    8.6    9.4    9.9   14.5   16.3   32.8   36.3   41.1
          1976    3.0    5.3    6.6    7.9   10.4   13.5   22.9   33.8   36.6
          1978    2.3    3.3    4.6    7.9   11.2   17.3   23.5   34.3   42.0
          1979    5.1   10.1   13.6   16.7   22.6   33.5   74.4   87.5   98.0
          1980    4.6    6.4    7.8   11.4   18.0   19.6   36.3   44.4   59.4
          1981    3.1    5.0    5.5    7.3   10.4   16.0   31.1   34.0   52.1
          1982    3.3    4.0    5.4    6.6   11.1   14.2   30.0   35.7   44.8
          1983    3.8    6.0    7.4   10.0   14.6   20.9   45.3   52.2   82.4
          1984    4.5    5.5    6.8   10.2   13.8   18.2   28.1   41.1   63.2
          1985    2.9    5.5    6.4    8.0    9.9   13.3   23.0   31.8   32.6
          1986    3.6    6.2    7.3   10.4   16.8   22.3   23.7   33.8   46.1
          1987    4.6    7.8    9.4   14.0   18.0   27.4   41.0   44.0   49.9
          1988    6.5   10.8   14.2   21.7   22.2   22.4   53.1   56.0   56.0
          1989    4.4    7.9    9.7   11.5   17.7   29.6   47.1   59.5   97.5
          1990    9.4   18.7   23.2   33.2   41.5   46.3   51.5   54.6   88.9
          1991    3.8    5.9    6.8    8.8   13.4   23.6   46.4   52.8   55.9
          1993    6.8   11.7   14.8   20.7   21.6   25.4   32.4   42.2   56.5
          1994    3.8    6.2    6.4   10.6   17.1   18.1   31.5   54.8   69.4
          1995    7.9    8.8   10.8   14.0   26.0   45.3   82.5   97.6  134.5
          1996    3.4    6.4    9.3   17.7   23.1   30.1   47.8   67.1   68.4
          1997    6.1    8.8    9.9   13.8   14.5   17.1   24.7   31.4   46.0
          1998    6.8   12.9   16.3   19.9   24.6   30.3   38.2   41.6   52.5
          1999    5.1    5.1    6.5   10.8   18.2   25.1   32.8   37.9   40.4
          2000    4.2    6.1    8.1   12.0   14.2   24.2   45.5   48.7   58.8
          2001    3.5    4.0    5.0    8.5   12.7   18.3   33.5   40.4   57.9
          2002    4.4    6.2    8.6   13.8   19.6   25.2   58.0   59.4   60.5
          2003    6.1    7.1   10.7   14.7   16.0   19.9   36.6   41.0   52.7
          2004    3.4    4.8    6.0    8.5   13.5   21.8   33.6   39.9   65.3
          2005    4.8    6.2    9.0   13.2   14.6   24.4   60.3  106.6  138.4
          2006    5.1    5.9    8.1   11.4   21.2   24.1   35.8   50.6   55.5
          2007    5.4    5.8    8.4   11.2   13.6   20.6   43.3   47.9   62.6
          2008    4.2    4.2    5.6    9.4   13.2   24.8   53.4   56.6   57.2
          2009   12.4   14.4   14.8   21.0   37.1   37.1   50.2   53.4   53.4
          2010    4.4    6.0    8.0   13.4   18.2   22.0   26.2   41.4   47.9
          2012    4.5    8.1   10.4   23.2   26.8   32.7   40.8   49.2   68.8
          2013    3.0    5.6    8.3    9.2   17.6   30.7   46.2   58.0   63.8
          2014    3.6    5.7    7.3    9.8   12.8   16.8   27.7   34.3   35.0
          2015    6.1    7.9   11.6   17.4   22.6   42.7   68.1   69.7   74.7
          2016    6.1    8.6   10.9   14.6   18.4   22.8   31.4   51.1   73.4
          2017    9.2   11.2   12.0   13.8   23.8   33.2   55.2   66.8   74.2
          2018    6.0   10.0   13.2   17.4   21.8   29.6   43.4   52.2   58.2
          2019  -99.9  -99.9  -99.9  -99.9  -99.9   24.6   50.8   65.4   70.8
          2020    4.2    5.0    6.6    9.6   14.8   16.2   21.8   27.8   37.4
          2021    5.2    8.4    9.6   16.4   22.4   24.6   36.2   53.4   67.6
        ---------------------------------------------------------------------
        # Yrs.     51     51     51     51     51     52     52     52     52
        Années
          Mean    4.9    7.2    9.0   12.8   17.9   24.3   40.5   50.1   62.4
       Moyenne
     Std. Dev.    1.9    2.9    3.4    5.0    6.2    7.8   13.3   15.6   21.0
    Écart-type
         Skew.   1.75   1.72   1.75   1.68   1.60   1.06   0.98   1.63   1.80
   Dissymétrie
      Kurtosis   7.50   7.26   7.82   7.29   7.25   4.09   4.31   6.74   7.53
 
          *-99.9 Indicates Missing Data/Données manquantes
 
 Warning: annual maximum amount greater than 100-yr return period amount
 Avertissement : la quantité maximale annuelle excède la quantité
                 pour une période de retour de 100 ans
          Year/Année      Duration/Durée        Data/Données          100-yr/ans
                1990              10 min                18.7                16.3
                1990              15 min                23.2                19.8
                1990              30 min                33.2                28.6
                1990               1 h                  41.5                37.4
                1995               6 h                  82.5                82.1
                1995              24 h                 134.5               128.3
                2005              12 h                 106.6                99.1
                2005              24 h                 138.4               128.3
                2009               5 min                12.4                10.8
 
********************************************************************************
 
Table 2a : Return Period Rainfall Amounts (mm)
           Quantité de pluie (mm) par période de retour
 
********************************************************************************
 
 Duration/Durée        2        5       10       25       50      100   #Years
                  yr/ans   yr/ans   yr/ans   yr/ans   yr/ans   yr/ans   Années
          5 min      4.5      6.2      7.3      8.7      9.8     10.8       51
         10 min      6.7      9.3     11.0     13.1     14.7     16.3       51
         15 min      8.5     11.5     13.5     16.0     17.9     19.8       51
         30 min     12.0     16.5     19.4     23.1     25.9     28.6       51
          1 h       16.8     22.4     26.0     30.6     34.0     37.4       51
          2 h       23.0     29.9     34.5     40.3     44.6     48.8       52
          6 h       38.3     50.0     57.8     67.6     74.9     82.1       52
         12 h       47.5     61.3     70.5     82.0     90.6     99.1       52
         24 h       58.9     77.5     89.8    105.3    116.9    128.3       52
 
********************************************************************************
 
Table 2b :
 
 Return Period Rainfall Rates (mm/h) - 95% Confidence limits
 Intensité de la pluie (mm/h) par période de retour - Limites de confiance de 95%
 
********************************************************************************
 
 Duration/Durée        2        5       10       25       50      100   #Years
                  yr/ans   yr/ans   yr/ans   yr/ans   yr/ans   yr/ans   Années
          5 min     54.6     74.6     87.9    104.7    117.1    129.5       51
                +/-  5.7 +/-  9.6 +/- 13.0 +/- 17.5 +/- 21.0 +/- 24.5       51
         10 min     40.4     55.7     65.9     78.8     88.3     97.8       51
                +/-  4.4 +/-  7.4 +/- 10.0 +/- 13.4 +/- 16.1 +/- 18.7       51
         15 min     33.9     46.0     54.0     64.2     71.7     79.2       51
                +/-  3.5 +/-  5.8 +/-  7.9 +/- 10.6 +/- 12.7 +/- 14.8       51
         30 min     24.0     32.9     38.8     46.2     51.8     57.2       51
                +/-  2.5 +/-  4.3 +/-  5.8 +/-  7.8 +/-  9.3 +/- 10.8       51
          1 h       16.8     22.4     26.0     30.6     34.0     37.4       51
                +/-  1.6 +/-  2.6 +/-  3.6 +/-  4.8 +/-  5.8 +/-  6.7       51
          2 h       11.5     15.0     17.2     20.1     22.3     24.4       52
                +/-  1.0 +/-  1.6 +/-  2.2 +/-  3.0 +/-  3.6 +/-  4.2       52
          6 h        6.4      8.3      9.6     11.3     12.5     13.7       52
                +/-  0.6 +/-  0.9 +/-  1.3 +/-  1.7 +/-  2.0 +/-  2.4       52
         12 h        4.0      5.1      5.9      6.8      7.6      8.3       52
                +/-  0.3 +/-  0.5 +/-  0.7 +/-  1.0 +/-  1.2 +/-  1.4       52
         24 h        2.5      3.2      3.7      4.4      4.9      5.3       52
                +/-  0.2 +/-  0.4 +/-  0.5 +/-  0.7 +/-  0.8 +/-  0.9       52
 
********************************************************************************
 
Table 3 : Interpolation Equation / Équation d'interpolation: R = A*T^B
 
R = Interpolated Rainfall rate (mm/h)/Intensité interpolée de la pluie (mm/h)
RR = Rainfall rate (mm/h) / Intensité de la pluie (mm/h)
 T = Rainfall duration (h) / Durée de la pluie (h)
 
********************************************************************************
 
       Statistics/Statistiques      2      5     10     25     50    100
                               yr/ans yr/ans yr/ans yr/ans yr/ans yr/ans
      Mean of RR/Moyenne de RR   21.6   29.3   34.4   40.8   45.6   50.3
    Std. Dev. /Écart-type (RR)   18.1   25.0   29.6   35.3   39.6   43.8
        Std. Error/Erreur-type    2.5    3.5    4.2    5.1    5.8    6.5
               Coefficient (A)   15.7   21.0   24.5   28.9   32.2   35.4
         Exponent/Exposant (B) -0.545 -0.556 -0.561 -0.565 -0.567 -0.569
 Mean % Error/% erreur moyenne    6.3    6.0    5.8    5.7    5.6    5.5
