                     Environment and Climate Change Canada
                 Environnement et Changement climatique Canada
                                        
           Short Duration Rainfall Intensity-Duration-Frequency Data
          Données sur l'intensité, la durée et la fréquence des chutes
                            de pluie de courte durée
                                        
                 Gumbel - Method of moments/Méthode des moments
                                        
                                   2022/10/31
                                        
================================================================================
 
 DAUPHIN CS                                             MB        5040681       
                     
 Latitude:  51 6'N     Longitude: 100 4'W    Elevation/Altitude: 304        m
 
 Years/Années :  1954 - 2021          # Years/Années :     47   
 
================================================================================
 
********************************************************************************
 
Table 1 : Annual Maximum (mm)/Maximum annuel (mm)
 
********************************************************************************
 
          Year  5 min 10 min 15 min 30 min    1 h    2 h    6 h   12 h   24 h
         Année
          1954  -99.9  -99.9  -99.9  -99.9   16.3   20.3   22.9   25.1   39.4
          1955  -99.9  -99.9  -99.9  -99.9   18.5   18.8   36.6   38.6   38.6
          1956  -99.9  -99.9  -99.9  -99.9   23.9   44.7   73.2   97.3   98.0
          1957  -99.9  -99.9  -99.9  -99.9   22.1   25.7   25.7   25.7   43.2
          1958  -99.9  -99.9  -99.9  -99.9   22.1   23.9   26.2   27.7   31.5
          1959    5.1    6.9    7.1   11.2   11.7   11.7   14.0   20.1   35.6
          1960    6.9   12.2   17.0   23.4   24.6   26.2   33.8   45.7   63.0
          1961    3.3    6.1    9.1   13.0   15.0   15.7   33.0   34.8   34.8
          1962    6.3   11.2   15.0   21.1   33.0   58.4   62.7   67.3   76.5
          1963   19.8   26.7   33.0   34.3   35.6   36.3   36.3   43.4   43.4
          1964   23.6   40.9   56.4   82.5   86.6   86.6   86.6   86.6   90.9
          1965    5.8    8.6   12.2   13.2   19.0   33.5   43.2   49.8   71.4
          1966    6.1   10.4   14.2   17.3   30.0   31.0   33.5   33.5   33.5
          1967    3.8    6.9    8.4    9.7   13.7   15.0   27.9   28.4   28.4
          1968    8.4   13.7   18.3   18.5   18.5   18.5   18.5   20.6   21.1
          1969    6.6   10.7   12.7   17.8   24.6   26.7   53.6   59.9   61.7
          1970   16.0   22.1   26.9   27.9   29.0   29.0   53.6   72.4   85.6
          1971    6.6    6.9    9.9   11.2   12.2   19.0   29.0   42.9   57.9
          1972    5.1    6.9    8.1    9.7   10.7   11.2   18.5   25.1   29.7
          1973   10.9   19.6   22.4   28.2   32.0   37.8   45.7   45.7   45.7
          1974    3.3    5.1    6.3    8.4    9.9   12.4   22.1   24.1   24.6
          1975    8.6   15.0   17.0   20.6   21.8   26.2   32.5   56.1   93.5
          1976    5.8    8.4    8.4    9.7   14.5   18.8   32.8   57.4   90.4
          1977    8.9    9.4   10.2   15.0   20.3   21.8   36.6   58.9   93.5
          1978    8.0   12.3   12.5   13.9   22.3   29.6   34.1   34.9   45.8
          1979   10.6   15.9   18.2   19.1   24.8   25.0   25.2   25.2   25.2
          1980    5.1    6.6    7.0   10.2   14.7   26.9   39.2   39.4   43.6
          1981    5.1    8.7   10.4   13.1   14.3   15.4   24.7   41.0   42.1
          1982    9.3   10.0   13.3   16.3   26.0   26.1   32.6   34.1   46.4
          1983    9.3   15.6   18.6   23.4   23.6   24.6   25.0   25.0   25.2
          1984    5.4   10.8   16.2   16.8   21.8   29.9   39.2   52.6   52.8
          1985    6.4    6.4    6.4    8.3   10.3   13.8   26.1   48.7   79.5
          1986    4.3    6.2    8.7   13.3   21.4   23.0   27.7   36.4   43.7
          1987    5.2   10.0   14.0   20.7   21.8   22.4   23.7   29.8   29.8
          1988    4.9    8.7   13.0   18.5   21.3   23.8   28.5   33.4   37.6
          1989    7.9   14.3   20.4   33.5   42.8   46.5   61.9   67.9   67.9
          1990    5.4    9.9    9.9   12.8   13.4   26.2   27.4   27.4   40.4
          1991    6.2   11.1   16.3   17.3   17.4   20.0   34.6   52.8   65.2
          2006   10.4   14.8   16.0   16.4   29.0   29.8   33.6   42.8   63.0
          2007   12.8   19.0   26.2   34.0   35.8   43.8   48.2   48.2   49.0
          2008    5.6    7.4    9.4   17.8   25.6   33.2   47.6   56.6   72.8
          2010    7.8   14.0   15.6   16.2   16.6   17.0   33.8   36.6   45.4
          2011   12.4   23.0   29.2   36.6   37.2   37.8   40.4   44.8   44.8
          2012    4.6    6.6    8.2   10.6   14.2   18.0   20.8   33.1   33.1
          2013    4.2    7.4    8.8   13.6   17.2   22.3   37.0   60.8   64.0
          2014    6.6    9.4   12.4   18.0   19.2   25.2   39.0   43.0   51.6
          2016    6.6   12.6   14.0   14.0   14.0   19.4   30.4   49.4   70.2
          2017    9.0   13.0   18.2   29.6   44.8   50.2   54.2   55.8   59.8
          2018    9.6   15.6   20.4   29.8   34.6   35.8   41.4   44.8   49.2
          2019    9.4   14.4   18.8   24.0   24.0   24.0   24.0   25.0   27.2
          2020    8.6   14.6   19.0   30.8   40.8   52.0   57.8   57.8   58.0
          2021    2.8    4.0    5.4    7.0    8.4   14.0   21.0   25.6   43.6
        ---------------------------------------------------------------------
        # Yrs.     47     47     47     47     52     52     52     52     52
        Années
          Mean    7.8   12.1   15.3   19.8   23.5   27.8   36.1   43.5   52.1
       Moyenne
     Std. Dev.    4.0    6.5    8.8   12.2   12.5   13.5   14.4   16.7   20.6
    Écart-type
         Skew.   2.06   2.23   2.53   3.18   2.71   2.02   1.37   0.98   0.64
   Dissymétrie
      Kurtosis   8.50  10.39  12.69  17.63  14.62   9.11   5.38   4.33   2.66
 
          *-99.9 Indicates Missing Data/Données manquantes
 
 Warning: annual maximum amount greater than 100-yr return period amount
 Avertissement : la quantité maximale annuelle excède la quantité
                 pour une période de retour de 100 ans
          Year/Année      Duration/Durée        Data/Données          100-yr/ans
                1956              12 h                  97.3                95.7
                1964               5 min                23.6                20.4
                1964              10 min                40.9                32.6
                1964              15 min                56.4                42.8
                1964              30 min                82.5                57.9
                1964               1 h                  86.6                62.8
                1964               2 h                  86.6                70.3
                1964               6 h                  86.6                81.2
 
********************************************************************************
 
Table 2a : Return Period Rainfall Amounts (mm)
           Quantité de pluie (mm) par période de retour
 
********************************************************************************
 
 Duration/Durée        2        5       10       25       50      100   #Years
                  yr/ans   yr/ans   yr/ans   yr/ans   yr/ans   yr/ans   Années
          5 min      7.1     10.7     13.0     16.0     18.2     20.4       47
         10 min     11.1     16.8     20.6     25.5     29.0     32.6       47
         15 min     13.9     21.6     26.7     33.2     38.0     42.8       47
         30 min     17.8     28.5     35.6     44.6     51.3     57.9       47
          1 h       21.5     32.5     39.9     49.1     56.0     62.8       52
          2 h       25.6     37.5     45.4     55.5     62.9     70.3       52
          6 h       33.7     46.5     54.9     65.5     73.4     81.2       52
         12 h       40.7     55.4     65.2     77.5     86.6     95.7       52
         24 h       48.7     66.9     78.9     94.1    105.4    116.6       52
 
********************************************************************************
 
Table 2b :
 
 Return Period Rainfall Rates (mm/h) - 95% Confidence limits
 Intensité de la pluie (mm/h) par période de retour - Limites de confiance de 95%
 
********************************************************************************
 
 Duration/Durée        2        5       10       25       50      100   #Years
                  yr/ans   yr/ans   yr/ans   yr/ans   yr/ans   yr/ans   Années
          5 min     85.1    127.8    156.2    191.9    218.4    244.8       47
                +/- 12.7 +/- 21.4 +/- 28.9 +/- 38.9 +/- 46.6 +/- 54.3       47
         10 min     66.3    100.9    123.9    152.8    174.3    195.6       47
                +/- 10.3 +/- 17.3 +/- 23.4 +/- 31.5 +/- 37.7 +/- 43.9       47
         15 min     55.4     86.4    106.9    132.8    152.0    171.1       47
                +/-  9.2 +/- 15.5 +/- 20.9 +/- 28.2 +/- 33.7 +/- 39.3       47
         30 min     35.5     57.0     71.2     89.2    102.5    115.8       47
                +/-  6.4 +/- 10.7 +/- 14.5 +/- 19.6 +/- 23.4 +/- 27.3       47
          1 h       21.5     32.5     39.9     49.1     56.0     62.8       52
                +/-  3.1 +/-  5.3 +/-  7.1 +/-  9.6 +/- 11.5 +/- 13.4       52
          2 h       12.8     18.8     22.7     27.7     31.4     35.1       52
                +/-  1.7 +/-  2.8 +/-  3.8 +/-  5.2 +/-  6.2 +/-  7.2       52
          6 h        5.6      7.7      9.1     10.9     12.2     13.5       52
                +/-  0.6 +/-  1.0 +/-  1.4 +/-  1.8 +/-  2.2 +/-  2.6       52
         12 h        3.4      4.6      5.4      6.5      7.2      8.0       52
                +/-  0.3 +/-  0.6 +/-  0.8 +/-  1.1 +/-  1.3 +/-  1.5       52
         24 h        2.0      2.8      3.3      3.9      4.4      4.9       52
                +/-  0.2 +/-  0.4 +/-  0.5 +/-  0.7 +/-  0.8 +/-  0.9       52
 
********************************************************************************
 
Table 3 : Interpolation Equation / Équation d'interpolation: R = A*T^B
 
R = Interpolated Rainfall rate (mm/h)/Intensité interpolée de la pluie (mm/h)
RR = Rainfall rate (mm/h) / Intensité de la pluie (mm/h)
 T = Rainfall duration (h) / Durée de la pluie (h)
 
********************************************************************************
 
       Statistics/Statistiques      2      5     10     25     50    100
                               yr/ans yr/ans yr/ans yr/ans yr/ans yr/ans
      Mean of RR/Moyenne de RR   32.0   48.7   59.8   73.9   84.3   94.6
    Std. Dev. /Écart-type (RR)   30.5   46.6   57.3   70.7   80.7   90.6
        Std. Error/Erreur-type    8.7   16.3   21.5   28.0   32.9   37.7
               Coefficient (A)   19.5   28.8   35.0   42.8   48.6   54.3
         Exponent/Exposant (B) -0.686 -0.711 -0.720 -0.728 -0.733 -0.736
 Mean % Error/% erreur moyenne    8.4   10.9   11.9   12.7   13.1   13.4
