                     Environment and Climate Change Canada
                 Environnement et Changement climatique Canada
                                        
           Short Duration Rainfall Intensity-Duration-Frequency Data
          Données sur l'intensité, la durée et la fréquence des chutes
                            de pluie de courte durée
                                        
                 Gumbel - Method of moments/Méthode des moments
                                        
                                   2022/10/31
                                        
================================================================================
 
 WINNIPEG A CS                                          MB        502S001       
                     
 Latitude:  49 55'N    Longitude: 97 15'W    Elevation/Altitude: 238        m
 
 Years/Années :  1944 - 2021          # Years/Années :     62   
 
================================================================================
 
********************************************************************************
 
Table 1 : Annual Maximum (mm)/Maximum annuel (mm)
 
********************************************************************************
 
          Year  5 min 10 min 15 min 30 min    1 h    2 h    6 h   12 h   24 h
         Année
          1944   14.7   18.8   25.1   37.3   39.9   41.7   45.0   49.0   75.9
          1945   13.7   15.5   19.8   27.2   31.5   33.8   42.9   45.2   48.3
          1946    5.6    6.1    7.1    8.6   10.2   14.2   20.6   21.3   25.1
          1947    8.4   11.4   13.5   19.6   22.1   28.2   45.0   45.0   45.2
          1948    9.1   11.7   13.2   17.3   30.5   33.3   33.3   36.6   37.3
          1951    5.8    6.1    9.1   15.7   16.0   17.8   21.1   21.1   36.3
          1952    9.1   17.8   22.4   28.4   29.2   43.7   43.7   43.7   43.7
          1953   10.2   15.5   19.3   24.6   30.2   31.2   41.7   43.4   43.4
          1954    9.7   12.2   12.7   16.0   18.3   21.1   25.9   28.7   35.8
          1956    6.1    9.7   13.5   17.8   18.3   18.3   29.2   33.8   55.1
          1958    8.9   10.9   15.7   17.8   18.5   19.8   35.8   50.3   67.1
          1959    9.4   15.5   18.8   19.6   19.6   22.4   37.6   42.2   44.7
          1960    4.3    5.6    7.4    8.1    8.1   11.7   27.9   32.8   41.1
          1961    6.1    8.6   10.2   13.2   17.3   19.8   21.8   26.4   34.0
          1962   11.2   14.7   19.6   27.4   35.8   56.1   82.3   83.1   83.8
          1963    7.6   11.9   16.5   18.5   21.1   24.1   38.9   50.5   52.8
          1964    6.9   12.2   17.5   22.4   33.5   36.8   38.1   52.3   59.2
          1965    6.1    9.1   11.7   14.5   15.7   16.8   17.8   21.1   30.2
          1966    9.1   12.7   15.2   22.6   37.8   64.0   68.3   73.2   76.2
          1967   12.2   24.1   25.9   31.7   33.0   57.9   63.2   63.5   63.5
          1968   17.8   24.6   35.3   39.4   39.4   39.4   48.3   61.2   84.3
          1969    7.1   10.4   12.7   15.2   21.8   23.4   25.4   39.1   49.3
          1970   11.2   20.8   29.0   37.8   41.1   49.8   54.9   60.5   62.2
          1971    4.6    6.1    8.4   11.7   14.5   19.8   25.4   29.0   31.0
          1972    9.1   16.5   20.3   35.6   35.6   35.8   35.8   35.8   35.8
          1973    6.3   10.4   14.5   19.8   29.7   40.4   45.7   45.7   45.7
          1974    9.4   16.3   18.8   25.1   28.7   33.0   37.1   38.9   55.4
          1975    9.4   14.5   17.8   22.6   27.9   27.9   44.7   53.8   54.4
          1976   15.0   15.7   18.0   21.8   22.1   24.1   26.2   33.3   42.7
          1977    7.4   12.4   15.2   19.8   21.6   32.5   50.3   57.7   61.7
          1978   10.6   17.6   21.6   24.5   28.0   41.7   52.6   52.6   60.4
          1979   10.6   19.1   25.4   36.3   39.3   39.8   40.7   40.7   40.7
          1980    7.4    8.8   10.4   15.0   19.3   24.5   25.6   26.6   30.5
          1981   10.6   12.4   15.9   18.2   24.1   29.0   53.3   53.4   63.0
          1982    8.6   13.0   16.2   22.6   22.7   22.7   32.5   34.9   36.8
          1983   13.2   17.2   19.3   23.2   28.0   30.9   51.9   52.3   52.3
          1984   12.6   19.0   22.8   39.5   56.2   56.9   60.2   69.5   69.7
          1985    5.0    7.3    9.3   12.4   18.4   33.1   61.5   84.0   97.4
          1986   10.0   11.8   13.9   16.7   18.5   19.7   28.7   35.4   41.6
          1987    7.1    9.0   10.4   20.8   24.8   36.6   46.2   57.2   57.3
          1988    7.9   15.8   18.5   22.7   34.8   36.9   39.7   49.7   49.7
          1989    4.4    7.7   10.4   12.3   14.1   16.2   34.6   41.1   53.5
          1990    9.8   12.7   16.2   19.0   22.0   22.0   22.0   22.5   36.9
          1991   11.6   16.4   18.0   18.2   19.3   31.2   43.1   43.5   64.0
          1992    8.6   10.2   11.2   17.2   18.0   19.3   21.2   25.2   35.6
          1993    6.2   12.4   18.6   29.0   41.6   70.1   72.2   78.4   87.4
          1994    8.8   13.1   15.4   24.2   32.2   55.5   67.0   68.2   68.2
          1995    7.5    9.9   12.0   18.0   23.0   23.4   35.6   44.0   63.9
          1996    8.1   16.1   21.9   43.8   58.6   58.6   58.8   58.8   58.8
          2007    9.0   14.6   17.0   19.2   20.0   21.0   23.2   28.0   28.4
          2008    4.4    7.2    9.2   14.4   21.2   27.4   39.2   44.8   60.6
          2009   12.6   18.8   20.8   29.0   31.0   32.2   40.6   45.2   47.4
          2010   10.6   19.2   26.0   37.4   42.6   43.2   43.6   50.6   61.6
          2011   11.0   18.0   21.0   21.4   21.4   21.4   21.4   33.0   34.4
          2012    7.6   10.2   11.2   14.8   17.4   19.2   21.0   21.0   34.4
          2013    8.6   12.4   14.4   17.2   23.0   27.4   30.6   31.6   31.6
          2016    6.2   10.8   13.6   19.6   20.0   21.0   21.0   21.2   21.8
          2017    7.8   10.8   11.6   13.0   13.6   13.6   23.4   23.6   25.0
          2018    8.8   16.6   19.8   29.2   37.6   39.2   50.0   52.6   52.8
          2019    6.8   10.2   11.8   13.4   25.6   29.0   31.2   41.0   50.0
          2020    4.6    7.4    9.6   12.4   13.0   15.2   17.8   19.8   19.8
          2021    5.2    9.6   13.6   22.0   33.6   40.6   42.2   46.4   53.4
        ---------------------------------------------------------------------
        # Yrs.     62     62     62     62     62     62     62     62     62
        Années
          Mean    8.8   13.1   16.3   21.8   26.3   31.6   39.1   43.8   50.2
       Moyenne
     Std. Dev.    2.8    4.4    5.6    8.2   10.2   13.5   14.8   15.9   16.9
    Écart-type
         Skew.   0.71   0.44   0.79   0.85   0.91   0.93   0.68   0.55   0.53
   Dissymétrie
      Kurtosis   3.82   2.96   4.06   3.28   4.14   3.47   3.22   3.11   3.17
 
          *-99.9 Indicates Missing Data/Données manquantes
 
 Warning: annual maximum amount greater than 100-yr return period amount
 Avertissement : la quantité maximale annuelle excède la quantité
                 pour une période de retour de 100 ans
          Year/Année      Duration/Durée        Data/Données          100-yr/ans
                1968               5 min                17.8                17.6
                1968              15 min                35.3                34.0
                1996               1 h                  58.6                58.5
 
********************************************************************************
 
Table 2a : Return Period Rainfall Amounts (mm)
           Quantité de pluie (mm) par période de retour
 
********************************************************************************
 
 Duration/Durée        2        5       10       25       50      100   #Years
                  yr/ans   yr/ans   yr/ans   yr/ans   yr/ans   yr/ans   Années
          5 min      8.3     10.8     12.5     14.5     16.1     17.6       62
         10 min     12.4     16.3     18.8     22.1     24.5     26.8       62
         15 min     15.4     20.4     23.7     27.8     30.9     34.0       62
         30 min     20.5     27.8     32.6     38.6     43.2     47.6       62
          1 h       24.6     33.7     39.7     47.3     52.9     58.5       62
          2 h       29.4     41.3     49.2     59.1     66.5     73.8       62
          6 h       36.7     49.8     58.5     69.4     77.5     85.6       62
         12 h       41.2     55.2     64.5     76.2     84.9     93.5       62
         24 h       47.4     62.3     72.2     84.7     94.0    103.2       62
 
********************************************************************************
 
Table 2b :
 
 Return Period Rainfall Rates (mm/h) - 95% Confidence limits
 Intensité de la pluie (mm/h) par période de retour - Limites de confiance de 95%
 
********************************************************************************
 
 Duration/Durée        2        5       10       25       50      100   #Years
                  yr/ans   yr/ans   yr/ans   yr/ans   yr/ans   yr/ans   Années
          5 min     99.6    129.6    149.5    174.6    193.2    211.7       62
                +/-  7.8 +/- 13.1 +/- 17.7 +/- 23.8 +/- 28.5 +/- 33.2       62
         10 min     74.4     97.6    112.9    132.3    146.7    161.0       62
                +/-  6.0 +/- 10.1 +/- 13.6 +/- 18.4 +/- 22.0 +/- 25.6       62
         15 min     61.5     81.4     94.6    111.3    123.6    135.9       62
                +/-  5.1 +/-  8.7 +/- 11.7 +/- 15.8 +/- 18.9 +/- 22.0       62
         30 min     41.0     55.5     65.1     77.3     86.3     95.3       62
                +/-  3.8 +/-  6.3 +/-  8.5 +/- 11.5 +/- 13.8 +/- 16.1       62
          1 h       24.6     33.7     39.7     47.3     52.9     58.5       62
                +/-  2.3 +/-  3.9 +/-  5.3 +/-  7.2 +/-  8.6 +/- 10.0       62
          2 h       14.7     20.6     24.6     29.6     33.3     36.9       62
                +/-  1.5 +/-  2.6 +/-  3.5 +/-  4.7 +/-  5.7 +/-  6.6       62
          6 h        6.1      8.3      9.7     11.6     12.9     14.3       62
                +/-  0.6 +/-  0.9 +/-  1.3 +/-  1.7 +/-  2.1 +/-  2.4       62
         12 h        3.4      4.6      5.4      6.3      7.1      7.8       62
                +/-  0.3 +/-  0.5 +/-  0.7 +/-  0.9 +/-  1.1 +/-  1.3       62
         24 h        2.0      2.6      3.0      3.5      3.9      4.3       62
                +/-  0.2 +/-  0.3 +/-  0.4 +/-  0.5 +/-  0.6 +/-  0.7       62
 
********************************************************************************
 
Table 3 : Interpolation Equation / Équation d'interpolation: R = A*T^B
 
R = Interpolated Rainfall rate (mm/h)/Intensité interpolée de la pluie (mm/h)
RR = Rainfall rate (mm/h) / Intensité de la pluie (mm/h)
 T = Rainfall duration (h) / Durée de la pluie (h)
 
********************************************************************************
 
       Statistics/Statistiques      2      5     10     25     50    100
                               yr/ans yr/ans yr/ans yr/ans yr/ans yr/ans
      Mean of RR/Moyenne de RR   36.4   48.2   56.1   66.0   73.3   80.6
    Std. Dev. /Écart-type (RR)   35.2   45.8   52.8   61.7   68.3   74.9
        Std. Error/Erreur-type   10.6   15.2   18.2   22.1   24.9   27.8
               Coefficient (A)   21.5   28.9   33.7   39.9   44.4   48.9
         Exponent/Exposant (B) -0.712 -0.708 -0.707 -0.705 -0.704 -0.704
 Mean % Error/% erreur moyenne   10.6   12.3   13.1   13.7   14.1   14.4
