                     Environment and Climate Change Canada
                 Environnement et Changement climatique Canada
                                        
           Short Duration Rainfall Intensity-Duration-Frequency Data
          Données sur l'intensité, la durée et la fréquence des chutes
                            de pluie de courte durée
                                        
                 Gumbel - Method of moments/Méthode des moments
                                        
                                   2022/10/31
                                        
================================================================================
 
 THE PAS CLIMATE                                        MB        5052890       
                     
 Latitude:  53 58'N    Longitude: 101 6'W    Elevation/Altitude: 274        m
 
 Years/Années :  1971 - 2021          # Years/Années :     46   
 
================================================================================
 
********************************************************************************
 
Table 1 : Annual Maximum (mm)/Maximum annuel (mm)
 
********************************************************************************
 
          Year  5 min 10 min 15 min 30 min    1 h    2 h    6 h   12 h   24 h
         Année
          1971    4.3    7.6   10.7   13.7   16.3   17.0   18.3   24.9   25.7
          1972    5.1    8.9    9.7   14.2   17.8   18.5   22.9   24.4   32.5
          1973    3.8    4.6    5.3    7.9   13.0   13.7   32.8   43.9   59.4
          1974    5.3    6.9    6.9    7.6    8.9   12.4   26.2   42.7   50.8
          1975   16.0   25.4   25.4   25.7   26.7   28.2   28.4   28.4   47.2
          1976    9.9   16.5   17.3   17.8   17.8   25.1   25.1   25.7   29.0
          1977    3.0    5.1    7.1   10.2   14.5   19.8   27.7   46.2   69.3
          1978    6.5    7.5    8.2    8.2   13.0   15.2   18.1   24.4   25.7
          1979   10.9   12.0   13.1   13.3   25.1   25.1   25.1   25.1   25.7
          1980    4.1    6.4    9.0   11.9   13.2   13.7   17.0   18.8   31.6
          1981  -99.9  -99.9  -99.9  -99.9   23.2   23.2   26.2   26.4   40.9
          1982    3.7    4.5    5.7    7.8   10.0   11.0   17.3   23.2   29.0
          1983   14.7   21.0   23.1   24.4   24.6   29.3   32.5   37.0   46.6
          1984    3.5    5.9    6.1    7.1    9.6   10.4   25.9   34.2   41.0
          1985    3.4    5.4    6.0    8.4   13.0   19.0   24.9   35.3   59.4
          1986    8.7   13.6   17.9   22.7   37.7   52.7   54.4   54.6   56.4
          1987    5.0    7.1    8.7   11.2   11.5   16.0   23.0   24.0   25.2
          1988   12.1   14.9   16.8   17.2   19.3   19.5   20.8   21.0   29.4
          1989    6.5   10.8   13.4   17.5   18.9   27.0   33.8   39.5   57.5
          1990    4.6    8.6   12.9   15.2   15.2   15.4   15.6   15.6   16.0
          1991    5.3    5.5    5.5    7.6    8.9   10.9   17.9   28.5   34.4
          1992    2.8    2.8    3.8    4.6    6.6   12.1   15.6   21.3   25.0
          1993    4.2    7.5    8.4    9.4   11.7   12.5   28.0   45.6   55.3
          1994    3.5    4.4    5.8    9.1   16.1   28.4   62.3   92.6   93.4
          1995    5.4   10.0   11.4   14.5   14.5   20.1   31.3   44.2   60.1
          1996    3.7    6.7    9.2   10.9   19.5   20.1   25.0   36.6   49.0
          1997    5.5    8.5    8.9   14.3   18.9   26.2   27.5   43.1   59.5
          1998    4.2    6.0    6.6    7.0    8.5   13.2   19.2   23.0   35.3
          1999    9.1   11.6   11.6   12.0   12.9   13.2   23.4   31.2   45.3
          2000    3.5    5.6    6.9    8.0    8.8   10.5   21.7   26.8   42.9
          2001    8.9   12.3   17.9   24.8   25.8   26.5   27.8   28.2   29.2
          2002    2.9    5.5    7.6    9.7   18.0   24.9   33.2   33.2   33.2
          2003    7.3    9.1   11.0   11.8   11.8   17.6   29.0   39.4   56.0
          2004    6.9    8.9   11.8   20.5   26.9   35.0   61.3   74.0   74.7
          2005    6.1    8.6   11.0   14.7   19.6   26.0   48.2   63.3   70.8
          2006    6.3    9.0   10.5   11.0   13.3   15.9   31.5   33.1   43.8
          2007    7.2    8.9   10.1   11.2   11.2   18.7   42.8   47.9   54.5
          2008    7.2   14.3   16.7   21.2   24.6   33.2   33.4   33.4   35.0
          2009    4.5    5.3    5.7    6.8    9.2    9.2   18.9   26.8   34.2
          2010  -99.9  -99.9  -99.9  -99.9   13.4   17.1   26.3   36.2   39.2
          2011    8.6   11.7   14.3   15.4   19.8   23.6   38.7   48.7   51.6
          2012    2.8    4.0    6.0   11.2   17.3   34.5   55.7   70.3   71.9
          2013  -99.9  -99.9  -99.9  -99.9   24.3   42.0   67.3   83.0  103.8
          2014  -99.9  -99.9  -99.9  -99.9   21.6   24.5   29.4   32.2   39.7
          2016    5.8    8.2   10.8   12.4   13.6   15.0   24.8   32.6   43.6
          2017    6.8    8.2   10.2   12.8   14.0   16.2   31.8   45.6   55.4
          2018    7.2   12.0   14.0   15.2   15.4   15.8   40.2   57.6   57.6
          2019    7.8   15.0   18.2   22.8   30.6   36.0   40.0   40.0   40.0
          2020    9.0   16.2   21.2   29.4   31.6   32.6   32.6   32.6   32.6
          2021   11.6   16.4   16.4   16.4   21.8   35.4   63.8   65.8   66.2
        ---------------------------------------------------------------------
        # Yrs.     46     46     46     46     50     50     50     50     50
        Années
          Mean    6.4    9.5   11.2   13.6   17.2   21.6   31.3   38.6   46.6
       Moyenne
     Std. Dev.    3.1    4.7    5.1    5.8    6.8    9.2   13.2   16.8   17.9
    Écart-type
         Skew.   1.25   1.31   0.91   0.89   0.84   1.08   1.34   1.38   0.95
   Dissymétrie
      Kurtosis   4.62   5.16   3.50   3.34   3.62   4.44   4.28   4.91   4.37
 
          *-99.9 Indicates Missing Data/Données manquantes
 
 Warning: annual maximum amount greater than 100-yr return period amount
 Avertissement : la quantité maximale annuelle excède la quantité
                 pour une période de retour de 100 ans
          Year/Année      Duration/Durée        Data/Données          100-yr/ans
                1975              10 min                25.4                24.1
                1986               2 h                  52.7                50.5
                1994              12 h                  92.6                91.2
                2013              24 h                 103.8               102.8
 
********************************************************************************
 
Table 2a : Return Period Rainfall Amounts (mm)
           Quantité de pluie (mm) par période de retour
 
********************************************************************************
 
 Duration/Durée        2        5       10       25       50      100   #Years
                  yr/ans   yr/ans   yr/ans   yr/ans   yr/ans   yr/ans   Années
          5 min      5.9      8.6     10.4     12.7     14.4     16.1       46
         10 min      8.7     12.8     15.6     19.0     21.6     24.1       46
         15 min     10.4     14.8     17.8     21.6     24.4     27.1       46
         30 min     12.7     17.8     21.2     25.5     28.7     31.9       46
          1 h       16.1     22.1     26.0     31.1     34.8     38.5       50
          2 h       20.1     28.2     33.6     40.4     45.5     50.5       50
          6 h       29.1     40.8     48.5     58.2     65.4     72.6       50
         12 h       35.9     50.7     60.5     72.9     82.1     91.2       50
         24 h       43.7     59.5     70.0     83.3     93.1    102.8       50
 
********************************************************************************
 
Table 2b :
 
 Return Period Rainfall Rates (mm/h) - 95% Confidence limits
 Intensité de la pluie (mm/h) par période de retour - Limites de confiance de 95%
 
********************************************************************************
 
 Duration/Durée        2        5       10       25       50      100   #Years
                  yr/ans   yr/ans   yr/ans   yr/ans   yr/ans   yr/ans   Années
          5 min     70.9    103.6    125.3    152.7    173.0    193.2       46
                +/-  9.8 +/- 16.5 +/- 22.3 +/- 30.1 +/- 36.0 +/- 42.0       46
         10 min     52.1     76.9     93.3    114.0    129.4    144.7       46
                +/-  7.4 +/- 12.5 +/- 16.9 +/- 22.8 +/- 27.3 +/- 31.8       46
         15 min     41.4     59.4     71.3     86.3     97.4    108.5       46
                +/-  5.4 +/-  9.1 +/- 12.3 +/- 16.5 +/- 19.8 +/- 23.0       46
         30 min     25.3     35.6     42.4     51.0     57.4     63.7       46
                +/-  3.1 +/-  5.2 +/-  7.0 +/-  9.5 +/- 11.3 +/- 13.2       46
          1 h       16.1     22.1     26.0     31.1     34.8     38.5       50
                +/-  1.7 +/-  2.9 +/-  3.9 +/-  5.3 +/-  6.3 +/-  7.4       50
          2 h       10.0     14.1     16.8     20.2     22.8     25.3       50
                +/-  1.2 +/-  2.0 +/-  2.7 +/-  3.6 +/-  4.3 +/-  5.0       50
          6 h        4.9      6.8      8.1      9.7     10.9     12.1       50
                +/-  0.6 +/-  0.9 +/-  1.3 +/-  1.7 +/-  2.0 +/-  2.4       50
         12 h        3.0      4.2      5.0      6.1      6.8      7.6       50
                +/-  0.4 +/-  0.6 +/-  0.8 +/-  1.1 +/-  1.3 +/-  1.5       50
         24 h        1.8      2.5      2.9      3.5      3.9      4.3       50
                +/-  0.2 +/-  0.3 +/-  0.4 +/-  0.6 +/-  0.7 +/-  0.8       50
 
********************************************************************************
 
Table 3 : Interpolation Equation / Équation d'interpolation: R = A*T^B
 
R = Interpolated Rainfall rate (mm/h)/Intensité interpolée de la pluie (mm/h)
RR = Rainfall rate (mm/h) / Intensité de la pluie (mm/h)
 T = Rainfall duration (h) / Durée de la pluie (h)
 
********************************************************************************
 
       Statistics/Statistiques      2      5     10     25     50    100
                               yr/ans yr/ans yr/ans yr/ans yr/ans yr/ans
      Mean of RR/Moyenne de RR   25.1   36.1   43.5   52.7   59.6   66.4
    Std. Dev. /Écart-type (RR)   24.6   36.2   43.8   53.5   60.6   67.7
        Std. Error/Erreur-type    3.7    5.2    6.3    7.6    8.6    9.7
               Coefficient (A)   15.6   22.1   26.4   31.8   35.8   39.8
         Exponent/Exposant (B) -0.659 -0.670 -0.673 -0.677 -0.679 -0.680
 Mean % Error/% erreur moyenne    4.2    3.9    4.2    4.5    4.6    4.7
