                     Environment and Climate Change Canada
                 Environnement et Changement climatique Canada
                                        
           Short Duration Rainfall Intensity-Duration-Frequency Data
          Données sur l'intensité, la durée et la fréquence des chutes
                            de pluie de courte durée
                                        
                 Gumbel - Method of moments/Méthode des moments
                                        
                                   2022/10/31
                                        
================================================================================
 
 LYNN LAKE RCS                                          MB        5061649       
                     
 Latitude:  56 51'N    Longitude: 101 4'W    Elevation/Altitude: 354        m
 
 Years/Années :  1969 - 2021          # Years/Années :     45   
 
================================================================================
 
********************************************************************************
 
Table 1 : Annual Maximum (mm)/Maximum annuel (mm)
 
********************************************************************************
 
          Year  5 min 10 min 15 min 30 min    1 h    2 h    6 h   12 h   24 h
         Année
          1969   13.7   14.2   16.8   22.6   30.7   39.9   45.7   48.0   62.0
          1970    3.0    4.1    5.8    7.4   11.9   16.5   26.9   28.2   33.3
          1971    4.1    6.1    7.4    9.9   13.0   18.3   24.4   31.7   45.5
          1972    2.3    4.6    5.1    6.1    7.9   12.2   17.5   28.2   31.0
          1973    1.8    2.5    3.0    3.8    6.1    9.7   15.5   19.0   33.5
          1974    5.8    5.8    5.8    6.1    6.9    8.4   16.8   20.6   23.6
          1975    4.3    6.9   10.4   15.0   15.7   16.3   30.2   35.6   35.6
          1976    5.1    8.4    9.1   15.0   20.8   24.4   30.5   33.8   53.1
          1977    3.3    4.6    5.6    6.6    8.1   13.5   20.6   27.7   36.6
          1978   11.3   14.6   15.0   15.9   17.4   21.0   32.7   42.9   58.1
          1979    3.2    3.9    5.0    8.7   10.0   10.9   12.2   12.7   20.5
          1980    3.2    4.4    5.1    9.5   14.1   19.6   28.8   34.6   39.4
          1981    6.3    7.5    8.1    8.6    8.6   12.0   25.3   34.9   39.7
          1982    7.1   10.7   13.4   15.0   18.2   20.5   25.7   33.3   37.7
          1983    3.4    5.7    6.3    7.7   11.4   12.4   26.6   35.8   53.4
          1984    6.0   10.5   12.4   17.3   21.0   22.2   22.8   26.5   34.2
          1985    2.2    4.4    4.4    4.8    8.6   10.0   16.3   27.1   31.6
          1986    9.8    9.8    9.8   13.7   13.8   18.9   25.8   29.0   35.4
          1987    4.1    5.2    5.4    6.6    7.4    8.1   12.1   18.4   21.3
          1988    4.2    6.8    9.6   11.6   16.0   21.7   33.8   36.6   45.4
          1989    5.7    8.4    9.6   15.6   23.5   27.4   35.9   37.6   43.8
          1990    4.9    5.4    6.3    6.9   10.4   12.8   16.7   16.8   18.8
          1991    6.9    8.3   10.4   16.0   16.4   25.4   30.0   34.9   44.8
          1992    2.6    5.1    5.5    6.6   10.6   14.5   17.7   24.0   26.8
          1993    4.8    6.0    7.8   12.7   15.7   22.1   25.3   33.7   39.8
          1994    6.0    9.4   10.8   11.2   12.0   12.2   23.4   25.6   25.6
          1995    3.8    3.8    4.0    5.1    7.1    8.9   13.1   17.2   23.0
          1996   11.5   12.0   12.2   12.6   12.6   12.9   14.0   18.4   23.6
          1999   10.0   20.0   21.0   22.8   23.2   24.4   28.2   41.2   61.4
          2000    3.0    5.3    7.4   10.6   15.5   18.0   37.1   60.5   70.5
          2001    4.6    6.6    6.6    7.6    8.0   11.4   22.0  -99.9   36.2
          2002    9.2   18.4   27.6   35.2   36.4   39.6   56.8   62.0   62.0
          2003    6.1    8.3   12.0   14.0   17.0   19.7   24.3   31.4   42.0
          2004    3.7    4.8    7.0   12.7   14.6   24.0   31.6   31.8   47.8
          2005   10.0   17.6   20.4   22.2   22.2   27.8   42.5   44.6   69.8
          2011    5.8    7.0    7.4    9.2   12.6   18.6   30.2   43.8   58.0
          2012    5.4   10.0   13.4   17.6   21.6   25.6   30.5   38.0   44.3
          2013  -99.9  -99.9  -99.9  -99.9    9.2   13.2   30.0   53.3   70.6
          2014    1.0    1.8    2.4    4.4    7.8   12.4   22.3   35.3   54.8
          2015    3.0    4.6    6.8    9.2    9.4   12.4   22.4   28.2   30.2
          2016    4.2    6.2    6.4    8.6   10.8   13.8   28.8   40.2   43.8
          2017    3.8    5.0    5.8    6.2   10.6   12.8   14.8   17.2   29.4
          2018    6.4    7.4    7.6   11.2   15.8   24.8   25.6   26.6   26.6
          2019    5.4   10.0   11.2   13.6   17.0   20.0   33.0   43.2   46.2
          2020    5.0    7.4    8.6   11.8   17.4   25.8   33.0   34.2   35.6
          2021   13.2   23.6   31.8   47.0   54.0   54.4   55.4   56.2   58.4
        ---------------------------------------------------------------------
        # Yrs.     45     45     45     45     46     46     46     45     46
        Années
          Mean    5.6    8.1    9.6   12.5   15.2   18.9   26.8   33.3   41.4
       Moyenne
     Std. Dev.    3.0    4.7    6.0    8.0    8.6    9.0   10.0   11.4   14.2
    Écart-type
         Skew.   1.15   1.60   2.00   2.45   2.50   1.77   1.04   0.57   0.44
   Dissymétrie
      Kurtosis   3.95   5.60   7.61  11.05  11.75   7.62   4.88   3.47   2.53
 
          *-99.9 Indicates Missing Data/Données manquantes
 
 Warning: annual maximum amount greater than 100-yr return period amount
 Avertissement : la quantité maximale annuelle excède la quantité
                 pour une période de retour de 100 ans
          Year/Année      Duration/Durée        Data/Données          100-yr/ans
                2021              10 min                23.6                22.8
                2021              15 min                31.8                28.5
                2021              30 min                47.0                37.5
                2021               1 h                  54.0                42.2
                2021               2 h                  54.4                47.3
 
********************************************************************************
 
Table 2a : Return Period Rainfall Amounts (mm)
           Quantité de pluie (mm) par période de retour
 
********************************************************************************
 
 Duration/Durée        2        5       10       25       50      100   #Years
                  yr/ans   yr/ans   yr/ans   yr/ans   yr/ans   yr/ans   Années
          5 min      5.1      7.7      9.5     11.7     13.4     15.0       45
         10 min      7.3     11.4     14.2     17.7     20.2     22.8       45
         15 min      8.6     14.0     17.5     21.9     25.2     28.5       45
         30 min     11.2     18.2     22.9     28.8     33.1     37.5       45
          1 h       13.8     21.4     26.4     32.8     37.5     42.2       46
          2 h       17.5     25.5     30.7     37.4     42.4     47.3       46
          6 h       25.2     34.0     39.8     47.2     52.6     58.1       46
         12 h       31.5     41.6     48.3     56.7     63.0     69.2       45
         24 h       39.1     51.6     59.9     70.3     78.1     85.8       46
 
********************************************************************************
 
Table 2b :
 
 Return Period Rainfall Rates (mm/h) - 95% Confidence limits
 Intensité de la pluie (mm/h) par période de retour - Limites de confiance de 95%
 
********************************************************************************
 
 Duration/Durée        2        5       10       25       50      100   #Years
                  yr/ans   yr/ans   yr/ans   yr/ans   yr/ans   yr/ans   Années
          5 min     60.8     92.7    113.8    140.5    160.2    179.9       45
                +/-  9.7 +/- 16.3 +/- 22.0 +/- 29.7 +/- 35.5 +/- 41.4       45
         10 min     43.8     68.7     85.1    106.0    121.4    136.7       45
                +/-  7.5 +/- 12.7 +/- 17.2 +/- 23.2 +/- 27.7 +/- 32.3       45
         15 min     34.6     55.8     69.9     87.7    100.8    113.9       45
                +/-  6.4 +/- 10.9 +/- 14.7 +/- 19.8 +/- 23.7 +/- 27.6       45
         30 min     22.4     36.5     45.8     57.6     66.3     75.0       45
                +/-  4.3 +/-  7.2 +/-  9.7 +/- 13.1 +/- 15.7 +/- 18.3       45
          1 h       13.8     21.4     26.4     32.8     37.5     42.2       46
                +/-  2.3 +/-  3.8 +/-  5.2 +/-  7.0 +/-  8.4 +/-  9.7       46
          2 h        8.7     12.7     15.4     18.7     21.2     23.7       46
                +/-  1.2 +/-  2.0 +/-  2.7 +/-  3.7 +/-  4.4 +/-  5.1       46
          6 h        4.2      5.7      6.6      7.9      8.8      9.7       46
                +/-  0.4 +/-  0.7 +/-  1.0 +/-  1.3 +/-  1.6 +/-  1.9       46
         12 h        2.6      3.5      4.0      4.7      5.2      5.8       45
                +/-  0.3 +/-  0.4 +/-  0.6 +/-  0.8 +/-  0.9 +/-  1.1       45
         24 h        1.6      2.1      2.5      2.9      3.3      3.6       46
                +/-  0.2 +/-  0.3 +/-  0.4 +/-  0.5 +/-  0.6 +/-  0.7       46
 
********************************************************************************
 
Table 3 : Interpolation Equation / Équation d'interpolation: R = A*T^B
 
R = Interpolated Rainfall rate (mm/h)/Intensité interpolée de la pluie (mm/h)
RR = Rainfall rate (mm/h) / Intensité de la pluie (mm/h)
 T = Rainfall duration (h) / Durée de la pluie (h)
 
********************************************************************************
 
       Statistics/Statistiques      2      5     10     25     50    100
                               yr/ans yr/ans yr/ans yr/ans yr/ans yr/ans
      Mean of RR/Moyenne de RR   21.4   33.2   41.1   51.0   58.3   65.6
    Std. Dev. /Écart-type (RR)   20.9   32.6   40.3   50.1   57.4   64.6
        Std. Error/Erreur-type    2.8    7.2   10.3   14.2   17.1   20.1
               Coefficient (A)   13.4   20.0   24.3   29.7   33.7   37.7
         Exponent/Exposant (B) -0.651 -0.689 -0.703 -0.716 -0.723 -0.728
 Mean % Error/% erreur moyenne    3.7    6.5    7.6    8.7    9.2    9.7
