                     Environment and Climate Change Canada
                 Environnement et Changement climatique Canada
                                        
           Short Duration Rainfall Intensity-Duration-Frequency Data
          Données sur l'intensité, la durée et la fréquence des chutes
                            de pluie de courte durée
                                        
                 Gumbel - Method of moments/Méthode des moments
                                        
                                   2022/10/31
                                        
================================================================================
 
 BRANDON RCS                                            MB        5010490       
                     
 Latitude:  49 54'N    Longitude: 99 57'W    Elevation/Altitude: 409        m
 
 Years/Années :  1970 - 2021          # Years/Années :     41   
 
================================================================================
 
********************************************************************************
 
Table 1 : Annual Maximum (mm)/Maximum annuel (mm)
 
********************************************************************************
 
          Year  5 min 10 min 15 min 30 min    1 h    2 h    6 h   12 h   24 h
         Année
          1970   13.2   15.7   18.3   18.3   18.3   18.3   30.5   36.6   39.6
          1971    8.9   13.2   14.5   21.1   29.0   47.2   57.1   57.4   57.7
          1972    4.8    8.1    9.4   10.4   10.9   14.5   18.8   32.0   32.3
          1973    7.4   13.0   15.0   19.6   34.3   38.6   48.3   75.7   83.8
          1974    5.8    5.8    5.8    7.6   11.7   16.3   20.1   22.6   22.6
          1975    6.1    9.1    9.7   17.3   18.3   33.8   46.5   63.5   64.0
          1976   10.4   15.7   18.3   19.0   19.3   19.3   20.6   20.6   28.7
          1977    8.4    8.9   10.9   15.7   18.0   21.3   33.8   56.6   76.5
          1978    7.2   11.7   14.4   19.3   21.0   22.3   22.3   22.6   28.1
          1979    3.2    4.5    5.2    5.4    8.8   15.0   16.8   17.4   17.4
          1980    9.3   11.6   15.8   21.6   26.6   36.6   55.7   78.9   80.6
          1981  -99.9  -99.9   13.7   24.2   33.7   42.2   47.0   48.0   54.9
          1982    6.5   11.6   13.9   20.9   27.8   37.9   39.1   41.5   73.5
          1983    6.8   13.6   20.3   25.5   25.5   26.0   26.1   26.1   29.9
          1984    5.0    5.6    6.9   11.1   20.0   20.4   20.4   28.3   35.4
          1985    9.0   14.0   20.2   22.8   32.8   46.8   58.0   62.1   84.1
          1986    6.6    8.8   13.2   17.8   20.0   22.5   27.4   38.1   49.6
          1987   10.5   14.9   17.4   18.7   18.7   18.7   21.9   22.2   26.2
          1988    5.3    7.4   11.0   17.7   19.9   35.0   66.4   70.8   73.2
          1989    5.9   11.7   14.2   16.7   20.7   25.7   28.2   28.8   28.8
          1990  -99.9  -99.9  -99.9  -99.9  -99.9  -99.9   39.8   58.8   71.8
          1991   14.1   17.1   20.5   33.6   42.6   46.7   49.9   51.8   64.7
          1992    5.8   10.2   13.1   15.5   15.6   15.6   21.2   21.2   30.1
          1993   10.2   13.8   19.7   27.6   40.3   42.2   47.2   53.2   53.4
          1996    6.0    6.0    6.3    6.6   10.8   16.9   25.9   32.6   32.6
          1999    5.7    8.3   10.1   13.3   15.5   31.0   44.8   48.2   48.2
          2000    8.5   14.7   21.8   22.5   23.4   23.8   37.1   38.4   43.8
          2001   12.3   13.1   14.8   16.5   23.2   25.5   34.4   34.4   42.2
          2002    9.4   11.7   13.2   16.3   19.0   22.8   35.9   37.4   37.4
          2003    4.5    8.6   12.9   17.5   17.9   20.2   27.0   29.0   29.0
          2005  -99.9  -99.9  -99.9  -99.9  -99.9  -99.9   71.2   71.2   71.2
          2006    7.7   14.4   18.0   26.9   29.0   35.9   42.6   45.3   47.6
          2007  -99.9  -99.9  -99.9  -99.9  -99.9  -99.9   16.9   17.2   25.8
          2009   16.8   17.0   22.0   22.2   22.2   22.8   37.2   37.2   37.4
          2010    8.5   16.2   17.2   23.1   23.6   25.1   41.9   51.8   60.1
          2011    7.7   14.8   22.1   35.7   37.2   37.2   37.2   37.2   47.9
          2012    8.1    9.8    9.8    9.8    9.9   15.4   22.2   25.0   30.0
          2013    9.7   17.6   22.8   24.6   27.1   31.5   42.9   54.2   67.8
          2014    5.4    8.6   11.6   13.6   18.8   35.2   62.6   64.2   69.2
          2016    5.4    9.2   10.8   12.8   16.6   20.0   21.8   27.6   39.6
          2017    3.2    6.0    8.2   13.6   15.4   15.4   21.6   23.0   23.4
          2018    7.0   12.0   15.2   16.2   16.2   16.6   18.2   29.2   29.4
          2019   10.6   15.6   18.8   20.0   20.2   21.8   45.0   49.4   61.2
          2020    9.6   16.0   19.6   25.8   47.0   72.8  112.0  113.4  113.6
          2021    6.8   10.6   12.8   17.2   30.0   39.6   57.4   57.6   67.6
        ---------------------------------------------------------------------
        # Yrs.     41     41     42     42     42     42     45     45     45
        Années
          Mean    7.9   11.6   14.5   18.6   22.8   28.4   38.2   43.5   49.6
       Moyenne
     Std. Dev.    2.9    3.6    4.8    6.5    8.9   12.2   18.4   20.0   21.5
    Écart-type
         Skew.   0.97  -0.19  -0.09   0.31   0.85   1.35   1.60   1.10   0.68
   Dissymétrie
      Kurtosis   4.46   2.19   2.35   3.74   3.63   5.79   7.49   4.97   3.22
 
          *-99.9 Indicates Missing Data/Données manquantes
 
 Warning: annual maximum amount greater than 100-yr return period amount
 Avertissement : la quantité maximale annuelle excède la quantité
                 pour une période de retour de 100 ans
          Year/Année      Duration/Durée        Data/Données          100-yr/ans
                2020               2 h                  72.8                66.6
                2020               6 h                 112.0                96.0
                2020              12 h                 113.4               106.2
 
********************************************************************************
 
Table 2a : Return Period Rainfall Amounts (mm)
           Quantité de pluie (mm) par période de retour
 
********************************************************************************
 
 Duration/Durée        2        5       10       25       50      100   #Years
                  yr/ans   yr/ans   yr/ans   yr/ans   yr/ans   yr/ans   Années
          5 min      7.4     10.0     11.6     13.8     15.3     16.9       41
         10 min     11.0     14.2     16.3     19.0     21.0     22.9       41
         15 min     13.7     18.0     20.8     24.3     27.0     29.6       42
         30 min     17.5     23.3     27.1     31.8     35.4     38.9       42
          1 h       21.3     29.2     34.4     40.9     45.8     50.6       42
          2 h       26.4     37.2     44.3     53.3     60.0     66.6       42
          6 h       35.2     51.5     62.2     75.9     86.0     96.0       45
         12 h       40.2     57.9     69.6     84.3     95.3    106.2       45
         24 h       46.1     65.1     77.6     93.5    105.3    117.0       45
 
********************************************************************************
 
Table 2b :
 
 Return Period Rainfall Rates (mm/h) - 95% Confidence limits
 Intensité de la pluie (mm/h) par période de retour - Limites de confiance de 95%
 
********************************************************************************
 
 Duration/Durée        2        5       10       25       50      100   #Years
                  yr/ans   yr/ans   yr/ans   yr/ans   yr/ans   yr/ans   Années
          5 min     89.0    119.4    139.6    165.0    183.9    202.7       41
                +/-  9.7 +/- 16.3 +/- 22.0 +/- 29.7 +/- 35.5 +/- 41.4       41
         10 min     66.1     85.3     97.9    113.9    125.8    137.6       41
                +/-  6.1 +/- 10.2 +/- 13.8 +/- 18.7 +/- 22.3 +/- 26.0       41
         15 min     54.9     71.9     83.1     97.3    107.8    118.3       42
                +/-  5.3 +/-  9.0 +/- 12.1 +/- 16.4 +/- 19.6 +/- 22.8       42
         30 min     35.1     46.5     54.1     63.7     70.8     77.8       42
                +/-  3.6 +/-  6.1 +/-  8.2 +/- 11.0 +/- 13.2 +/- 15.4       42
          1 h       21.3     29.2     34.4     40.9     45.8     50.6       42
                +/-  2.5 +/-  4.2 +/-  5.6 +/-  7.6 +/-  9.1 +/- 10.5       42
          2 h       13.2     18.6     22.1     26.7     30.0     33.3       42
                +/-  1.7 +/-  2.8 +/-  3.8 +/-  5.2 +/-  6.2 +/-  7.2       42
          6 h        5.9      8.6     10.4     12.6     14.3     16.0       45
                +/-  0.8 +/-  1.4 +/-  1.9 +/-  2.5 +/-  3.0 +/-  3.5       45
         12 h        3.4      4.8      5.8      7.0      7.9      8.8       45
                +/-  0.4 +/-  0.8 +/-  1.0 +/-  1.4 +/-  1.6 +/-  1.9       45
         24 h        1.9      2.7      3.2      3.9      4.4      4.9       45
                +/-  0.2 +/-  0.4 +/-  0.5 +/-  0.7 +/-  0.9 +/-  1.0       45
 
********************************************************************************
 
Table 3 : Interpolation Equation / Équation d'interpolation: R = A*T^B
 
R = Interpolated Rainfall rate (mm/h)/Intensité interpolée de la pluie (mm/h)
RR = Rainfall rate (mm/h) / Intensité de la pluie (mm/h)
 T = Rainfall duration (h) / Durée de la pluie (h)
 
********************************************************************************
 
       Statistics/Statistiques      2      5     10     25     50    100
                               yr/ans yr/ans yr/ans yr/ans yr/ans yr/ans
      Mean of RR/Moyenne de RR   32.3   43.0   50.1   59.0   65.6   72.2
    Std. Dev. /Écart-type (RR)   31.3   41.1   47.6   55.9   62.0   68.1
        Std. Error/Erreur-type    7.9    9.1    9.9   11.0   11.8   12.7
               Coefficient (A)   19.5   26.7   31.4   37.4   41.8   46.2
         Exponent/Exposant (B) -0.692 -0.673 -0.665 -0.658 -0.654 -0.651
 Mean % Error/% erreur moyenne    8.8    9.2    9.4    9.5    9.6    9.7
