                     Environment and Climate Change Canada
                 Environnement et Changement climatique Canada
                                        
           Short Duration Rainfall Intensity-Duration-Frequency Data
          Données sur l'intensité, la durée et la fréquence des chutes
                            de pluie de courte durée
                                        
                 Gumbel - Method of moments/Méthode des moments
                                        
                                   2022/10/31
                                        
================================================================================
 
 CHURCHILL CLIMATE                                      MB        5060608       
                     
 Latitude:  58 44'N    Longitude: 94 4'W     Elevation/Altitude: 28         m
 
 Years/Années :  1963 - 2021          # Years/Années :     49   
 
================================================================================
 
********************************************************************************
 
Table 1 : Annual Maximum (mm)/Maximum annuel (mm)
 
********************************************************************************
 
          Year  5 min 10 min 15 min 30 min    1 h    2 h    6 h   12 h   24 h
         Année
          1963    2.0    3.0    3.3    5.6    8.1   10.4   16.3   16.8   29.5
          1964    3.0    4.3    4.8    8.1   10.4   13.2   20.3   25.1   26.4
          1965    1.0    1.8    2.3    3.6    4.8    7.6   11.7   14.2   14.2
          1966    1.8    2.5    2.8    5.6    7.4   10.7   14.2   21.3   25.4
          1967    4.8    6.1    6.3   10.2   17.3   20.6   31.5   37.3   46.2
          1968    2.5    4.1    5.1    6.1    6.3   10.4   14.2   18.3   18.3
          1969    2.3    4.1    6.1    8.6   11.7   14.5   28.2   31.5   34.5
          1970    2.3    3.0    3.6    4.3    5.3    8.9   15.0   22.9   26.7
          1971    2.0    3.0    4.1    5.6    7.4   11.2   21.1   25.1   27.7
          1972    5.6    7.6    8.4    8.4   10.2   10.2   18.8   31.7   36.3
          1973    2.3    2.8    4.1    6.1    9.9   16.3   27.7   35.6   45.2
          1974    4.8    5.3    5.3    9.7   10.2   10.2   15.5   15.5   20.8
          1975    1.3    1.5    2.0    2.8    4.6    7.6   13.2   16.0   20.6
          1976    3.6    4.3    4.8    5.6    6.9    9.7   17.0   18.3   18.3
          1977    4.3    6.1    8.1    9.7   13.0   13.0   16.0   24.4   26.4
          1978    2.8    3.6    5.0    7.2    8.4   11.0   22.9   33.3   47.8
          1979    3.1    3.1    3.6    4.2    7.0   10.8   14.1   19.6   23.9
          1980    2.6    3.8    4.8    6.4   12.4   14.8   28.0   31.5   39.8
          1981    4.2    5.0    5.5    7.1    9.5   13.0   17.7   21.2   25.4
          1982    6.3   11.1   13.4   21.0   27.4   29.1   31.2   38.0   39.2
          1983    6.6    9.4    9.4   10.8   20.0   25.3   29.6   29.6   34.7
          1984    5.6    6.4    7.1    9.3   10.9   20.9   44.4   49.5   51.6
          1985    2.1    3.1    4.1    5.5    7.1   10.5   24.3   26.7   26.7
          1986    2.0    2.7    3.3    4.6    7.2   11.3   16.0   18.4   26.0
          1987    7.0    8.5    9.3    9.3    9.4    9.4   12.7   20.4   22.2
          1988    1.8    2.4    3.2    4.6    9.2   17.3   35.9   49.4   51.8
          1989    4.6    9.2   13.7   15.3   20.9   22.5   24.4   24.4   26.9
          1990    6.9    7.3   10.9   13.6   16.0   20.7   21.3   23.7   29.9
          1991    4.6    8.6   12.6   14.7   14.9   18.0   25.5   32.0   35.7
          1992    1.3    2.5    2.9    3.8    5.4    9.7   19.0   27.7   34.4
          1993    5.5   10.7   13.2   16.9   24.8   28.7   30.1   38.5   38.9
          1994    4.5    7.6    9.3    9.6   10.1   10.3   12.7   16.2   21.7
          1995    7.4    7.6    8.6   11.4   12.2   15.3   17.4  -99.9   31.8
          1997    4.9    8.9   13.3   16.0   18.4   19.2  -99.9  -99.9   49.0
          1998    5.7    7.4    8.8   12.4   13.0   13.0   17.6  -99.9   26.0
          2002    5.1    5.6    7.0    9.0   10.8   18.2   20.0   20.0   31.5
          2004    5.7    7.0    7.6    8.9   14.2   15.6   17.0   20.6   29.7
          2006   11.0   18.2   22.6   25.2   29.2   35.6   44.6   53.2   53.6
          2008    3.4    5.0    5.6    6.6    8.4    9.9   12.4   12.9   19.4
          2009    5.6    8.2    8.8    9.8   17.8   20.2   21.6   27.0   41.4
          2010    3.2    4.4    5.4    8.8   15.6   28.4   63.8   96.4  110.8
          2011    6.0    8.4    9.6   10.2   12.1   12.8   19.3   27.9   34.6
          2012  -99.9  -99.9  -99.9  -99.9   15.9   19.8   28.8   31.0   46.4
          2013  -99.9  -99.9  -99.9  -99.9    6.5   10.7   15.1   19.6   22.6
          2014    4.0    5.8    6.8    8.8   10.6   12.8   15.8   24.4   33.6
          2015    1.4    2.2    3.0    3.8    5.4    8.8   20.4   36.0   46.4
          2016    5.0    8.0    8.4    9.8   10.0   10.2   20.8   25.8   30.6
          2017    5.8    9.8   10.8   11.0   11.6   16.4   20.4   25.2   31.4
          2018    4.4    5.6    6.0    6.0    9.2   17.0   30.2   35.6   35.6
          2019    3.4    4.0    4.8    6.0    7.8   12.8   28.8   33.4   40.4
          2020    1.8    2.0    2.2    2.4    2.8    4.0    8.0   13.0   15.4
          2021    2.2    3.4    4.2    5.0    6.0    8.2   15.0   16.8   17.8
        ---------------------------------------------------------------------
        # Yrs.     50     50     50     50     52     52     51     49     52
        Années
          Mean    4.0    5.7    6.9    8.7   11.4   14.7   22.1   28.0   33.5
       Moyenne
     Std. Dev.    2.0    3.2    3.9    4.6    5.7    6.4    9.9   13.7   14.9
    Écart-type
         Skew.   0.82   1.35   1.54   1.48   1.31   1.23   1.96   2.86   2.82
   Dissymétrie
      Kurtosis   4.37   6.48   6.78   6.07   4.87   4.56   8.71  15.25  16.16
 
          *-99.9 Indicates Missing Data/Données manquantes
 
 Warning: annual maximum amount greater than 100-yr return period amount
 Avertissement : la quantité maximale annuelle excède la quantité
                 pour une période de retour de 100 ans
          Year/Année      Duration/Durée        Data/Données          100-yr/ans
                2006               5 min                11.0                10.4
                2006              10 min                18.2                15.6
                2006              15 min                22.6                19.3
                2006              30 min                25.2                23.0
                2006               2 h                  35.6                34.9
                2010               6 h                  63.8                53.0
                2010              12 h                  96.4                70.9
                2010              24 h                 110.8                80.3
 
********************************************************************************
 
Table 2a : Return Period Rainfall Amounts (mm)
           Quantité de pluie (mm) par période de retour
 
********************************************************************************
 
 Duration/Durée        2        5       10       25       50      100   #Years
                  yr/ans   yr/ans   yr/ans   yr/ans   yr/ans   yr/ans   Années
          5 min      3.7      5.5      6.7      8.1      9.3     10.4       50
         10 min      5.2      8.0      9.8     12.2     13.9     15.6       50
         15 min      6.3      9.8     12.1     15.0     17.1     19.3       50
         30 min      8.0     12.0     14.6     18.0     20.5     23.0       50
          1 h       10.4     15.5     18.8     23.0     26.2     29.3       52
          2 h       13.7     19.4     23.1     27.8     31.4     34.9       52
          6 h       20.5     29.2     35.0     42.2     47.6     53.0       51
         12 h       25.8     37.9     45.9     56.0     63.5     70.9       49
         24 h       31.0     44.2     52.9     64.0     72.1     80.3       52
 
********************************************************************************
 
Table 2b :
 
 Return Period Rainfall Rates (mm/h) - 95% Confidence limits
 Intensité de la pluie (mm/h) par période de retour - Limites de confiance de 95%
 
********************************************************************************
 
 Duration/Durée        2        5       10       25       50      100   #Years
                  yr/ans   yr/ans   yr/ans   yr/ans   yr/ans   yr/ans   Années
          5 min     44.3     65.7     79.9     97.8    111.1    124.3       50
                +/-  6.2 +/- 10.4 +/- 14.0 +/- 18.9 +/- 22.6 +/- 26.4       50
         10 min     31.2     47.9     59.0     73.0     83.4     93.7       50
                +/-  4.8 +/-  8.1 +/- 11.0 +/- 14.8 +/- 17.7 +/- 20.6       50
         15 min     25.1     39.0     48.3     59.9     68.6     77.2       50
                +/-  4.0 +/-  6.8 +/-  9.1 +/- 12.3 +/- 14.7 +/- 17.2       50
         30 min     15.9     24.0     29.3     36.0     41.0     46.0       50
                +/-  2.3 +/-  3.9 +/-  5.3 +/-  7.1 +/-  8.5 +/-  9.9       50
          1 h       10.4     15.5     18.8     23.0     26.2     29.3       52
                +/-  1.4 +/-  2.4 +/-  3.2 +/-  4.4 +/-  5.2 +/-  6.1       52
          2 h        6.8      9.7     11.6     13.9     15.7     17.4       52
                +/-  0.8 +/-  1.3 +/-  1.8 +/-  2.5 +/-  2.9 +/-  3.4       52
          6 h        3.4      4.9      5.8      7.0      7.9      8.8       51
                +/-  0.4 +/-  0.7 +/-  0.9 +/-  1.3 +/-  1.5 +/-  1.8       51
         12 h        2.1      3.2      3.8      4.7      5.3      5.9       49
                +/-  0.3 +/-  0.5 +/-  0.7 +/-  0.9 +/-  1.1 +/-  1.3       49
         24 h        1.3      1.8      2.2      2.7      3.0      3.3       52
                +/-  0.2 +/-  0.3 +/-  0.4 +/-  0.5 +/-  0.6 +/-  0.7       52
 
********************************************************************************
 
Table 3 : Interpolation Equation / Équation d'interpolation: R = A*T^B
 
R = Interpolated Rainfall rate (mm/h)/Intensité interpolée de la pluie (mm/h)
RR = Rainfall rate (mm/h) / Intensité de la pluie (mm/h)
 T = Rainfall duration (h) / Durée de la pluie (h)
 
********************************************************************************
 
       Statistics/Statistiques      2      5     10     25     50    100
                               yr/ans yr/ans yr/ans yr/ans yr/ans yr/ans
      Mean of RR/Moyenne de RR   15.6   23.5   28.7   35.3   40.2   45.1
    Std. Dev. /Écart-type (RR)   15.0   22.7   27.7   34.2   39.0   43.7
        Std. Error/Erreur-type    1.5    3.1    4.2    5.6    6.6    7.6
               Coefficient (A)   10.2   15.0   18.3   22.3   25.3   28.3
         Exponent/Exposant (B) -0.626 -0.638 -0.643 -0.647 -0.649 -0.650
 Mean % Error/% erreur moyenne    3.5    4.1    4.6    5.0    5.3    5.5
