                     Environment and Climate Change Canada
                 Environnement et Changement climatique Canada
                                        
           Short Duration Rainfall Intensity-Duration-Frequency Data
          Données sur l'intensité, la durée et la fréquence des chutes
                            de pluie de courte durée
                                        
                 Gumbel - Method of moments/Méthode des moments
                                        
                                   2022/10/31
                                        
================================================================================
 
 NORTH BATTLEFORD RCS                                   SK        4045607       
                     
 Latitude:  52 46'N    Longitude: 108 16'W   Elevation/Altitude: 548        m
 
 Years/Années :  1975 - 2021          # Years/Années :     43   
 
================================================================================
 
********************************************************************************
 
Table 1 : Annual Maximum (mm)/Maximum annuel (mm)
 
********************************************************************************
 
          Year  5 min 10 min 15 min 30 min    1 h    2 h    6 h   12 h   24 h
         Année
          1975   15.5   20.3   22.4   23.6   30.0   33.8   33.8   33.8   33.8
          1976    6.9   11.2   13.7   17.0   18.5   19.8   20.1   34.3   35.1
          1977    4.3    8.1    8.6    9.1    9.7    9.7   21.8   29.7   36.6
          1978    3.7    4.1    4.1    6.1   10.4   11.2   14.7   20.7   27.0
          1979    4.9    6.4    8.4    8.8    9.0   10.2   14.7   18.6   26.6
          1980   10.0   16.4   23.6   32.6   32.8   32.9   33.7   33.7   35.5
          1981    4.0    7.6    7.6    8.4    9.5   13.8   23.7   24.4   24.4
          1982    5.9    8.4    8.8    8.8   12.5   14.8   20.6   28.1   29.8
          1983   13.9   21.4   24.8   25.1   25.5   32.0   42.7   46.0   59.6
          1984   10.3   16.5   18.4   23.2   29.2   44.3   45.2   45.2   48.8
          1985    5.0    9.0   11.2   16.8   19.2   21.2   22.7   37.8   48.4
          1986    4.4    8.0   11.2   17.4   20.2   24.4   32.6   33.0   33.6
          1987    6.7   12.1   15.7   21.5   22.8   24.0   31.2   42.0   49.2
          1988    5.8    7.6    9.0   16.5   18.8   22.7   28.0   29.3   39.8
          1989   10.1   14.1   15.5   20.8   21.2   21.3   21.4   23.4   24.4
          1990    4.1    6.0    6.0    7.1    8.8   13.2   23.2   39.7   42.2
          1991    8.9   13.8   15.1   19.1   24.6   28.0   28.0   29.6   30.6
          1992   11.4   19.0   22.8   26.2   26.7   26.7   26.7   26.7   26.8
          1993    9.7   12.0   14.6   14.6   14.6   14.6   25.6   31.3   47.3
          1994    7.5   15.0   18.7   26.2   27.4   27.7   29.4   32.2   32.6
          1995    4.1    7.8    9.4   17.4   23.4   24.0  -99.9  -99.9   35.0
          1996    8.3    9.7   12.4   22.1   22.9   23.5   34.0   34.0   53.1
          1997    9.6   13.3   18.3   20.2   23.9   27.3   46.7   60.1   62.5
          1998    8.3    8.7    9.4   12.7   14.1   18.8   37.2   44.0   44.0
          1999    6.1   11.4   15.2   28.1   30.4   35.7   43.1   43.1   52.4
          2000    7.3    7.5    7.5   10.4   15.8   18.0   19.0   23.8   37.6
          2001   10.4   12.4   13.4   15.8   21.1   35.3   37.3   37.5   37.5
          2002    6.9    8.8    8.8   10.4   13.4   19.6   44.8   46.0   48.7
          2003    9.3   13.5   16.0   26.8   27.7  -99.9  -99.9  -99.9   55.6
          2004    7.5   12.1   15.5   20.2   20.9   23.3   27.4   28.7   34.8
          2006   10.4   14.4   18.4   25.2   27.6   28.0   29.8   30.6   31.8
          2007    9.2   15.8   18.0   27.4   35.8   35.8   35.8   39.8   41.2
          2008    7.6   12.0   15.0   17.4   20.6   23.0   26.6   26.6   27.4
          2009    5.0    6.8    7.0    7.0   13.0   23.2   43.2   54.2   63.6
          2010    8.6   13.4   20.0   30.4   49.8   61.6   62.4   62.4   62.4
          2011    6.8   11.4   13.2   14.6   16.0   17.2   30.0   38.4   40.8
          2012   11.4   16.2   17.6   18.2   18.2   18.2   28.8   37.8   55.2
          2013    7.6   13.2   18.2   24.6   27.2   30.8   31.0   31.2   31.2
          2014   11.4   16.4   19.2   24.2   25.2   25.2   29.4   34.4   35.2
          2016   10.8   18.8   20.4   22.0   22.0   22.0   22.0   24.4   27.8
          2017   10.4   15.8   19.0   21.2   21.6   23.4   24.2   31.4   39.4
          2018    8.2   11.8   13.2   14.2   16.6   19.0   19.4   30.4   33.8
          2019    6.4    8.8   11.0   12.0   12.6   13.6   17.0   17.8   26.2
          2020    7.2   11.4   15.2   25.0   30.8   58.8   94.2  124.4  148.2
          2021    4.2    6.0    7.0    7.0    8.4   10.6   25.4   35.0   37.4
        ---------------------------------------------------------------------
        # Yrs.     45     45     45     45     45     44     43     43     45
        Années
          Mean    7.9   11.9   14.2   18.3   21.1   24.6   31.4   36.6   42.1
       Moyenne
     Std. Dev.    2.7    4.1    5.2    7.1    8.3   11.0   13.8   16.8   19.5
    Écart-type
         Skew.   0.47   0.33   0.06  -0.09   0.79   1.54   2.53   3.58   3.80
   Dissymétrie
      Kurtosis   3.20   2.67   2.34   2.22   4.84   6.49  12.48  20.22  22.36
 
          *-99.9 Indicates Missing Data/Données manquantes
 
 Warning: annual maximum amount greater than 100-yr return period amount
 Avertissement : la quantité maximale annuelle excède la quantité
                 pour une période de retour de 100 ans
          Year/Année      Duration/Durée        Data/Données          100-yr/ans
                2010               1 h                  49.8                47.3
                2010               2 h                  61.6                59.2
                2020               6 h                  94.2                74.7
                2020              12 h                 124.4                89.5
                2020              24 h                 148.2               103.4
 
********************************************************************************
 
Table 2a : Return Period Rainfall Amounts (mm)
           Quantité de pluie (mm) par période de retour
 
********************************************************************************
 
 Duration/Durée        2        5       10       25       50      100   #Years
                  yr/ans   yr/ans   yr/ans   yr/ans   yr/ans   yr/ans   Années
          5 min      7.5      9.9     11.5     13.5     15.0     16.5       45
         10 min     11.2     14.8     17.3     20.3     22.6     24.8       45
         15 min     13.3     17.9     20.9     24.8     27.6     30.4       45
         30 min     17.1     23.4     27.5     32.8     36.6     40.5       45
          1 h       19.7     27.1     32.0     38.2     42.8     47.3       45
          2 h       22.8     32.5     39.0     47.2     53.2     59.2       44
          6 h       29.1     41.3     49.4     59.6     67.2     74.7       43
         12 h       33.9     48.8     58.6     71.1     80.3     89.5       43
         24 h       38.9     56.2     67.6     82.1     92.8    103.4       45
 
********************************************************************************
 
Table 2b :
 
 Return Period Rainfall Rates (mm/h) - 95% Confidence limits
 Intensité de la pluie (mm/h) par période de retour - Limites de confiance de 95%
 
********************************************************************************
 
 Duration/Durée        2        5       10       25       50      100   #Years
                  yr/ans   yr/ans   yr/ans   yr/ans   yr/ans   yr/ans   Années
          5 min     89.5    118.6    137.9    162.2    180.2    198.1       45
                +/-  8.8 +/- 14.9 +/- 20.1 +/- 27.1 +/- 32.4 +/- 37.7       45
         10 min     67.2     89.1    103.5    121.8    135.4    148.9       45
                +/-  6.6 +/- 11.2 +/- 15.1 +/- 20.4 +/- 24.4 +/- 28.4       45
         15 min     53.4     71.7     83.8     99.1    110.5    121.8       45
                +/-  5.6 +/-  9.4 +/- 12.6 +/- 17.0 +/- 20.4 +/- 23.8       45
         30 min     34.3     46.8     55.1     65.5     73.3     81.0       45
                +/-  3.8 +/-  6.4 +/-  8.6 +/- 11.6 +/- 13.9 +/- 16.2       45
          1 h       19.7     27.1     32.0     38.2     42.8     47.3       45
                +/-  2.2 +/-  3.8 +/-  5.1 +/-  6.9 +/-  8.2 +/-  9.6       45
          2 h       11.4     16.3     19.5     23.6     26.6     29.6       44
                +/-  1.5 +/-  2.5 +/-  3.4 +/-  4.6 +/-  5.5 +/-  6.4       44
          6 h        4.8      6.9      8.2      9.9     11.2     12.5       43
                +/-  0.6 +/-  1.1 +/-  1.4 +/-  1.9 +/-  2.3 +/-  2.7       43
         12 h        2.8      4.1      4.9      5.9      6.7      7.5       43
                +/-  0.4 +/-  0.6 +/-  0.9 +/-  1.2 +/-  1.4 +/-  1.6       43
         24 h        1.6      2.3      2.8      3.4      3.9      4.3       45
                +/-  0.2 +/-  0.4 +/-  0.5 +/-  0.7 +/-  0.8 +/-  0.9       45
 
********************************************************************************
 
Table 3 : Interpolation Equation / Équation d'interpolation: R = A*T^B
 
R = Interpolated Rainfall rate (mm/h)/Intensité interpolée de la pluie (mm/h)
RR = Rainfall rate (mm/h) / Intensité de la pluie (mm/h)
 T = Rainfall duration (h) / Durée de la pluie (h)
 
********************************************************************************
 
       Statistics/Statistiques      2      5     10     25     50    100
                               yr/ans yr/ans yr/ans yr/ans yr/ans yr/ans
      Mean of RR/Moyenne de RR   31.6   42.5   49.7   58.9   65.6   72.3
    Std. Dev. /Écart-type (RR)   31.8   42.0   48.7   57.3   63.6   69.9
        Std. Error/Erreur-type    8.5   11.1   12.9   15.2   16.8   18.5
               Coefficient (A)   18.1   24.9   29.4   35.1   39.4   43.6
         Exponent/Exposant (B) -0.731 -0.714 -0.707 -0.701 -0.698 -0.695
 Mean % Error/% erreur moyenne    7.8    8.1    8.3    8.4    8.5    8.6
