                     Environment and Climate Change Canada
                 Environnement et Changement climatique Canada
                                        
           Short Duration Rainfall Intensity-Duration-Frequency Data
          Données sur l'intensité, la durée et la fréquence des chutes
                            de pluie de courte durée
                                        
                 Gumbel - Method of moments/Méthode des moments
                                        
                                   2022/10/31
                                        
================================================================================
 
 ISLAND FALLS (AUT)                                     SK        4063605       
                     
 Latitude:  55 32'N    Longitude: 102 21'W   Elevation/Altitude: 297        m
 
 Years/Années :  1966 - 2021          # Years/Années :     45   
 
================================================================================
 
********************************************************************************
 
Table 1 : Annual Maximum (mm)/Maximum annuel (mm)
 
********************************************************************************
 
          Year  5 min 10 min 15 min 30 min    1 h    2 h    6 h   12 h   24 h
         Année
          1966    3.3    5.8    6.9   10.7   11.2   12.7   20.6   25.7   33.5
          1967    4.6    7.4   10.9   17.0   17.5   19.0   23.6   24.9   25.1
          1968    5.3    5.3    6.3    8.9   14.0   19.0   32.5   34.0   40.9
          1969    3.3    3.6    3.6    4.8    8.4   14.2   22.6   36.3   51.8
          1972    4.6    6.3    6.9    9.1   11.9   13.0   22.6   27.4   39.6
          1973    4.3    6.1    7.6   11.2   16.5   20.6   28.2   33.5   38.1
          1974   13.0   13.7   19.0   26.4   27.7   29.7   38.1   38.4   45.0
          1975    2.5    3.0    3.6    3.8    5.8    9.7   20.6   26.2   26.9
          1976    4.6    6.1    6.3    6.6   13.2   14.0   20.3   30.2   45.5
          1977    6.1    8.4   11.2   15.7   22.4   37.8   39.1   39.4   49.5
          1978    4.6    6.5    9.6   10.2   12.5   16.2   18.7   24.9   34.0
          1979    8.2   12.0   13.2   17.0   19.0   20.8   20.8   21.2   23.8
          1980    3.3    5.2    6.6   13.2   15.6   21.6   24.0   39.4   50.4
          1981    6.5    7.8    8.4    9.2   11.8   11.8   11.8   15.9   22.7
          1982    5.3    5.3    5.3    9.5   13.6   20.4   25.3   33.3   35.1
          1983    9.0   11.0   15.3   17.4   17.4   33.4   51.2   64.4   69.0
          1984    3.7    5.9    8.4   13.3   21.8   22.8   26.6   29.2   53.2
          1985    5.1    6.5    6.7    7.4    8.4   10.4   18.7   24.9   30.0
          1986    7.0    7.0    9.6   14.7   17.4   19.3   33.0   35.1   39.7
          1987    3.9    5.9    8.0    9.9   15.9   21.5   33.8   35.6   37.5
          1988    3.0    3.6    5.0    6.3    8.8   13.3  -99.9  -99.9   52.3
          1989    9.4    9.8   11.0   11.2   13.4   15.2   17.8   32.3   36.8
          1990    5.7   10.2   13.6   21.0   21.3   21.3   33.8   44.9   47.0
          1991    6.0   12.0   16.0   20.2   20.8   24.4   24.4   24.4   33.2
          1992    4.0    8.0    9.0   12.0   20.2   27.2   33.2   34.4   44.2
          1997    4.8    8.7   12.9   19.8   23.9   36.4   42.5   48.5   54.1
          1999    5.9   10.4   12.1   13.6   14.5   15.5   21.0   21.2   30.2
          2000    5.9    7.8    8.2    9.3   11.4   16.8   18.2   29.9   34.0
          2001   14.3   18.1   20.2   20.2   21.1   24.2   24.3   25.7   31.1
          2002   11.0   12.3   18.4   24.6   27.6   28.4   28.8   30.2   30.5
          2004    4.8    7.1    9.1   16.4   16.6   23.3   28.9   35.8   36.0
          2005  -99.9  -99.9  -99.9  -99.9   15.1   21.2   30.3   34.4   46.3
          2006   10.4   20.4   25.0   46.2   48.4   67.8   67.8   67.8   67.8
          2007   21.2   21.4   21.8   22.8   28.8   34.4   58.8   63.0   63.0
          2008  -99.9  -99.9  -99.9  -99.9   11.1   16.1   25.4   30.9   40.5
          2009    8.6   12.4   13.0   13.2   13.2   15.4   32.6   36.4   52.8
          2010   10.2   12.2   15.2   22.4   24.2   26.8   46.2   54.8   54.8
          2011    8.6   14.0   15.4   23.4   37.0   48.6   50.2   53.6   53.6
          2012    7.4   12.6   17.2   19.0   22.4   22.6   32.8   35.4   39.2
          2013    3.4    6.4    6.6   10.0   12.0   12.6   16.6   25.4   32.4
          2014    5.2    5.8    6.0    6.0    9.2   14.6   23.2   35.4   45.4
          2015    3.6    6.4    9.2   16.4   18.8   21.6   36.2   42.8   42.8
          2016    9.2   12.6   13.2   14.2   14.2   14.6   28.0   44.2   54.0
          2017    7.6   12.4   16.4   16.6   16.6   16.6   28.8   51.0   81.6
          2018  -99.9  -99.9  -99.9  -99.9  -99.9  -99.9  -99.9  -99.9  -99.9
          2019   13.0   17.6   19.0   20.0   20.0   20.0   37.4   46.2   46.2
          2020    7.6   12.4   15.4   19.2   27.2   33.8   38.6   38.6   38.8
          2021    9.6   17.0   20.0   22.4   24.6   24.6   32.0   35.0   35.6
        ---------------------------------------------------------------------
        # Yrs.     45     45     45     45     47     47     46     46     47
        Années
          Mean    6.9    9.6   11.6   15.2   18.0   22.2   30.2   36.1   42.9
       Moyenne
     Std. Dev.    3.6    4.5    5.3    7.5    7.8   10.5   11.3   11.5   12.3
    Écart-type
         Skew.   1.74   0.89   0.56   1.59   1.55   2.20   1.28   1.00   0.86
   Dissymétrie
      Kurtosis   7.37   3.41   2.67   8.44   7.14   9.99   5.15   4.04   4.21
 
          *-99.9 Indicates Missing Data/Données manquantes
 
 Warning: annual maximum amount greater than 100-yr return period amount
 Avertissement : la quantité maximale annuelle excède la quantité
                 pour une période de retour de 100 ans
          Year/Année      Duration/Durée        Data/Données          100-yr/ans
                2006              30 min                46.2                38.6
                2006               1 h                  48.4                42.5
                2006               2 h                  67.8                55.3
                2006               6 h                  67.8                65.7
                2007               5 min                21.2                18.3
                2017              24 h                  81.6                81.5
 
********************************************************************************
 
Table 2a : Return Period Rainfall Amounts (mm)
           Quantité de pluie (mm) par période de retour
 
********************************************************************************
 
 Duration/Durée        2        5       10       25       50      100   #Years
                  yr/ans   yr/ans   yr/ans   yr/ans   yr/ans   yr/ans   Années
          5 min      6.3      9.5     11.6     14.3     16.3     18.3       45
         10 min      8.8     12.8     15.4     18.7     21.2     23.6       45
         15 min     10.7     15.4     18.5     22.4     25.3     28.2       45
         30 min     13.9     20.5     24.9     30.4     34.5     38.6       45
          1 h       16.7     23.6     28.2     33.9     38.2     42.5       47
          2 h       20.5     29.8     36.0     43.8     49.5     55.3       47
          6 h       28.4     38.4     45.0     53.4     59.6     65.7       46
         12 h       34.2     44.4     51.2     59.7     66.0     72.3       46
         24 h       40.9     51.7     58.9     68.0     74.8     81.5       47
 
********************************************************************************
 
Table 2b :
 
 Return Period Rainfall Rates (mm/h) - 95% Confidence limits
 Intensité de la pluie (mm/h) par période de retour - Limites de confiance de 95%
 
********************************************************************************
 
 Duration/Durée        2        5       10       25       50      100   #Years
                  yr/ans   yr/ans   yr/ans   yr/ans   yr/ans   yr/ans   Années
          5 min     75.1    113.7    139.3    171.6    195.5    219.3       45
                +/- 11.7 +/- 19.7 +/- 26.6 +/- 35.9 +/- 43.0 +/- 50.1       45
         10 min     53.0     76.8     92.5    112.4    127.2    141.8       45
                +/-  7.2 +/- 12.2 +/- 16.4 +/- 22.1 +/- 26.5 +/- 30.9       45
         15 min     42.9     61.7     74.0     89.7    101.3    112.8       45
                +/-  5.7 +/-  9.6 +/- 12.9 +/- 17.4 +/- 20.8 +/- 24.3       45
         30 min     27.9     41.1     49.8     60.9     69.0     77.2       45
                +/-  4.0 +/-  6.7 +/-  9.1 +/- 12.3 +/- 14.7 +/- 17.1       45
          1 h       16.7     23.6     28.2     33.9     38.2     42.5       47
                +/-  2.1 +/-  3.5 +/-  4.7 +/-  6.3 +/-  7.5 +/-  8.8       47
          2 h       10.3     14.9     18.0     21.9     24.8     27.6       47
                +/-  1.4 +/-  2.3 +/-  3.1 +/-  4.2 +/-  5.1 +/-  5.9       47
          6 h        4.7      6.4      7.5      8.9      9.9     11.0       46
                +/-  0.5 +/-  0.8 +/-  1.1 +/-  1.5 +/-  1.8 +/-  2.1       46
         12 h        2.9      3.7      4.3      5.0      5.5      6.0       46
                +/-  0.3 +/-  0.4 +/-  0.6 +/-  0.8 +/-  0.9 +/-  1.1       46
         24 h        1.7      2.2      2.5      2.8      3.1      3.4       47
                +/-  0.1 +/-  0.2 +/-  0.3 +/-  0.4 +/-  0.5 +/-  0.6       47
 
********************************************************************************
 
Table 3 : Interpolation Equation / Équation d'interpolation: R = A*T^B
 
R = Interpolated Rainfall rate (mm/h)/Intensité interpolée de la pluie (mm/h)
RR = Rainfall rate (mm/h) / Intensité de la pluie (mm/h)
 T = Rainfall duration (h) / Durée de la pluie (h)
 
********************************************************************************
 
       Statistics/Statistiques      2      5     10     25     50    100
                               yr/ans yr/ans yr/ans yr/ans yr/ans yr/ans
      Mean of RR/Moyenne de RR   26.1   38.2   46.2   56.3   63.8   71.3
    Std. Dev. /Écart-type (RR)   25.8   38.7   47.3   58.1   66.1   74.1
        Std. Error/Erreur-type    4.4    6.7    8.3   10.5   12.1   13.7
               Coefficient (A)   15.9   22.4   26.7   32.1   36.1   40.1
         Exponent/Exposant (B) -0.681 -0.709 -0.720 -0.730 -0.736 -0.740
 Mean % Error/% erreur moyenne    5.4    6.7    7.3    7.8    8.1    8.4
