                     Environment and Climate Change Canada
                 Environnement et Changement climatique Canada
                                        
           Short Duration Rainfall Intensity-Duration-Frequency Data
          Données sur l'intensité, la durée et la fréquence des chutes
                            de pluie de courte durée
                                        
                 Gumbel - Method of moments/Méthode des moments
                                        
                                   2022/10/31
                                        
================================================================================
 
 SCOTT CDA                                              SK        4047240       
                     
 Latitude:  52 22'N    Longitude: 108 50'W   Elevation/Altitude: 659        m
 
 Years/Années :  1961 - 2021          # Years/Années :     48   
 
================================================================================
 
********************************************************************************
 
Table 1 : Annual Maximum (mm)/Maximum annuel (mm)
 
********************************************************************************
 
          Year  5 min 10 min 15 min 30 min    1 h    2 h    6 h   12 h   24 h
         Année
          1961    4.6    6.9    8.4    8.9   11.2   14.0   22.1   27.9   41.4
          1962    5.1    7.9    8.4    9.9   10.2   13.0   15.7   19.8   27.4
          1963    8.4   16.8   19.6   26.7   30.0   30.7   30.7   35.3   43.4
          1964    4.3    4.6    4.6    5.6    8.4   14.0   32.5   42.7   45.7
          1965    3.0    6.1    7.1   10.2   15.0   19.3   30.5   45.7   56.9
          1966    4.3    7.6    7.6    8.4    9.4   12.4   19.3   30.0   38.1
          1967   11.7   14.0   16.3   18.8   19.8   19.8   29.5   34.8   36.1
          1969   14.7   17.0   17.8   17.8   24.1   31.0   32.8   33.0   33.0
          1970    5.6    7.4    9.1   13.5   19.8   35.3   58.4   66.5   67.1
          1971   12.4   14.7   16.8   22.6   24.4   25.1   28.2   33.0   33.5
          1972    7.1    7.6    9.1    9.1    9.1   14.0   33.3   36.6   38.9
          1974   13.0   17.3   19.0   21.8   28.2   29.7   29.7   29.7   29.7
          1975    8.1    9.7   10.4   12.2   14.0   16.0   27.2   38.6   40.9
          1976   10.2   18.0   19.6   20.1   21.3   21.3   21.6   30.2   58.7
          1977    3.0    4.1    4.3    6.3    6.6    8.4   20.1   27.7   31.7
          1978   11.9   12.6   13.0   13.8   14.0   15.5   15.9   21.0   21.5
          1979    9.0   14.3   16.3   16.8   18.0   23.5   25.6   25.6   33.3
          1980    5.3    5.8    7.2   14.3   17.6   17.8   17.9   20.0   26.1
          1981    3.5    5.0    6.5    8.3   11.3   13.6   20.4   21.3   27.4
          1982   11.9   11.9   11.9   12.2   12.5   13.3   15.4   18.0   18.8
          1983    7.1   10.4   11.8   15.8   21.3   23.2   24.5   26.8   29.2
          1984    5.2    6.8    6.8    6.8    7.8   10.4   18.0   18.0   19.8
          1985    7.8    9.7   11.3   11.3   11.3   17.8   17.8   22.2   31.4
          1986    5.5    7.0    8.3    9.1    9.9   12.9   16.8   20.7   33.2
          1987    8.9   12.6   13.1   17.5   20.8   25.3   32.9   35.0   39.0
          1988    5.6   10.9   16.0   19.7   22.0   28.6   29.0   29.0   55.5
          1989    7.8   10.0   13.3   17.9   17.9   18.2   18.2   21.4   29.3
          1991    6.7    8.1    9.0   15.5   20.2   25.1   41.9   49.1   56.8
          1992    7.6   15.0   22.0   36.0   41.1   42.0   44.0   44.0   45.6
          1993    6.0   11.6   12.0   12.2   12.2   13.1  -99.9  -99.9   32.4
          1994   11.3   14.7   16.5   16.7   16.9   16.9   21.3   21.5   24.9
          1995    7.9   12.3   13.1   13.1   13.1   16.2   21.2   31.3   39.9
          1996    7.6   10.2   12.4   17.3   17.3   23.3   23.8   23.8   23.8
          2005    8.8   12.8   15.2   18.6   18.8   18.8   24.4   37.6   54.4
          2006    8.0   11.8   15.4   18.0   21.2   23.6   27.6   28.0   28.2
          2007    8.0    8.0    8.0    8.0    8.4   10.6   27.0   49.8   54.6
          2008    8.2   11.4   13.6   18.6   25.0   30.8   36.8   37.4   37.8
          2009    8.0    8.2   11.2   14.0   14.2   15.0   24.8   30.0   33.4
          2010    9.0   14.8   18.0   22.8   24.6   27.6   37.6   44.8   51.2
          2011    9.2   14.6   20.0   25.4   26.2   34.0   67.2   77.0   80.2
          2012    8.6   14.4   18.8   34.4   42.8   51.0   58.6   58.6   60.8
          2013    5.4    8.4   12.6   16.4   20.2   26.4   31.6   31.6   37.0
          2014    8.8   14.8   19.4   24.0   24.0   24.2   24.4   24.8   28.4
          2016    9.6   18.2   25.4   30.2   30.6   33.8   33.8   33.8   38.2
          2017    3.4    4.8    7.0    9.2   10.6   11.2   21.6   27.8   35.8
          2018    6.4    6.4    7.0    9.8   11.2   13.6   23.2   26.2   31.0
          2019    7.4    9.6    9.8    9.8   10.6   14.6   26.4   28.8   31.8
          2020    8.0   13.4   16.8   17.8   17.8   17.8   28.2   40.4   59.6
          2021    4.0    6.6    7.4    8.2   14.0   15.4   20.6   34.0   36.8
        ---------------------------------------------------------------------
        # Yrs.     49     49     49     49     49     49     48     48     49
        Années
          Mean    7.6   10.8   12.7   15.7   17.9   21.0   28.1   33.1   39.0
       Moyenne
     Std. Dev.    2.7    3.9    5.0    7.0    8.0    8.9   11.0   12.2   13.2
    Écart-type
         Skew.   0.40   0.16   0.36   0.96   1.11   1.16   1.81   1.57   0.99
   Dissymétrie
      Kurtosis   3.08   2.13   2.51   4.02   4.73   4.66   6.89   6.27   3.91
 
          *-99.9 Indicates Missing Data/Données manquantes
 
 Warning: annual maximum amount greater than 100-yr return period amount
 Avertissement : la quantité maximale annuelle excède la quantité
                 pour une période de retour de 100 ans
          Year/Année      Duration/Durée        Data/Données          100-yr/ans
                2011               6 h                  67.2                62.7
                2011              12 h                  77.0                71.4
                2012               2 h                  51.0                48.8
 
********************************************************************************
 
Table 2a : Return Period Rainfall Amounts (mm)
           Quantité de pluie (mm) par période de retour
 
********************************************************************************
 
 Duration/Durée        2        5       10       25       50      100   #Years
                  yr/ans   yr/ans   yr/ans   yr/ans   yr/ans   yr/ans   Années
          5 min      7.2      9.6     11.2     13.2     14.7     16.1       49
         10 min     10.1     13.6     15.8     18.7     20.9     23.0       49
         15 min     11.9     16.3     19.3     23.0     25.7     28.4       49
         30 min     14.6     20.8     24.9     30.1     33.9     37.7       49
          1 h       16.6     23.6     28.3     34.2     38.6     42.9       49
          2 h       19.5     27.4     32.6     39.1     44.0     48.8       49
          6 h       26.3     36.1     42.5     50.7     56.7     62.7       48
         12 h       31.1     41.9     49.1     58.1     64.8     71.4       48
         24 h       36.8     48.5     56.2     65.9     73.2     80.3       49
 
********************************************************************************
 
Table 2b :
 
 Return Period Rainfall Rates (mm/h) - 95% Confidence limits
 Intensité de la pluie (mm/h) par période de retour - Limites de confiance de 95%
 
********************************************************************************
 
 Duration/Durée        2        5       10       25       50      100   #Years
                  yr/ans   yr/ans   yr/ans   yr/ans   yr/ans   yr/ans   Années
          5 min     86.0    114.8    133.9    158.1    176.0    193.7       49
                +/-  8.4 +/- 14.1 +/- 19.1 +/- 25.7 +/- 30.8 +/- 35.9       49
         10 min     60.7     81.4     95.1    112.4    125.2    138.0       49
                +/-  6.0 +/- 10.1 +/- 13.7 +/- 18.5 +/- 22.1 +/- 25.7       49
         15 min     47.7     65.3     77.0     91.8    102.8    113.7       49
                +/-  5.1 +/-  8.7 +/- 11.7 +/- 15.8 +/- 18.9 +/- 22.0       49
         30 min     29.2     41.6     49.8     60.1     67.8     75.5       49
                +/-  3.6 +/-  6.1 +/-  8.2 +/- 11.1 +/- 13.2 +/- 15.4       49
          1 h       16.6     23.6     28.3     34.2     38.6     42.9       49
                +/-  2.0 +/-  3.5 +/-  4.7 +/-  6.3 +/-  7.5 +/-  8.8       49
          2 h        9.8     13.7     16.3     19.6     22.0     24.4       49
                +/-  1.1 +/-  1.9 +/-  2.6 +/-  3.5 +/-  4.2 +/-  4.9       49
          6 h        4.4      6.0      7.1      8.4      9.5     10.5       48
                +/-  0.5 +/-  0.8 +/-  1.1 +/-  1.5 +/-  1.8 +/-  2.0       48
         12 h        2.6      3.5      4.1      4.8      5.4      6.0       48
                +/-  0.3 +/-  0.4 +/-  0.6 +/-  0.8 +/-  1.0 +/-  1.1       48
         24 h        1.5      2.0      2.3      2.7      3.0      3.3       49
                +/-  0.1 +/-  0.2 +/-  0.3 +/-  0.4 +/-  0.5 +/-  0.6       49
 
********************************************************************************
 
Table 3 : Interpolation Equation / Équation d'interpolation: R = A*T^B
 
R = Interpolated Rainfall rate (mm/h)/Intensité interpolée de la pluie (mm/h)
RR = Rainfall rate (mm/h) / Intensité de la pluie (mm/h)
 T = Rainfall duration (h) / Durée de la pluie (h)
 
********************************************************************************
 
       Statistics/Statistiques      2      5     10     25     50    100
                               yr/ans yr/ans yr/ans yr/ans yr/ans yr/ans
      Mean of RR/Moyenne de RR   28.7   39.1   46.0   54.7   61.1   67.5
    Std. Dev. /Écart-type (RR)   29.9   40.1   46.8   55.2   61.5   67.8
        Std. Error/Erreur-type    5.2    8.6   10.9   13.7   15.9   18.0
               Coefficient (A)   16.2   22.2   26.1   31.1   34.8   38.5
         Exponent/Exposant (B) -0.729 -0.732 -0.733 -0.734 -0.734 -0.735
 Mean % Error/% erreur moyenne    4.5    6.4    7.3    8.2    8.6    9.0
