                     Environment and Climate Change Canada
                 Environnement et Changement climatique Canada
                                        
           Short Duration Rainfall Intensity-Duration-Frequency Data
          Données sur l'intensité, la durée et la fréquence des chutes
                            de pluie de courte durée
                                        
                 Gumbel - Method of moments/Méthode des moments
                                        
                                   2022/10/31
                                        
================================================================================
 
 SASKATOON RCS                                          SK        4057165       
                     
 Latitude:  52 10'N    Longitude: 106 43'W   Elevation/Altitude: 504        m
 
 Years/Années :  1960 - 2021          # Years/Années :     44   
 
================================================================================
 
********************************************************************************
 
Table 1 : Annual Maximum (mm)/Maximum annuel (mm)
 
********************************************************************************
 
          Year  5 min 10 min 15 min 30 min    1 h    2 h    6 h   12 h   24 h
         Année
          1960    5.3    5.3    5.3    5.3   10.2   10.2   27.4   34.3   43.7
          1961  -99.9  -99.9  -99.9  -99.9  -99.9   55.6   55.6   57.4   57.4
          1962   14.0   16.8   18.3   25.4   47.5   58.7   71.6   71.6   71.6
          1963    9.4   13.0   14.0   17.3   18.8   32.0   37.1   37.1   37.1
          1965    4.1    5.8    7.1   10.4   12.7   14.0   15.5   18.5   32.5
          1966    3.3    4.6    5.6    7.4    9.1   13.7   27.7   38.6   39.1
          1967    6.1   11.4   11.9   12.2   12.2   17.0   36.3   40.9   43.7
          1968    4.1    6.3    8.6   10.2   12.4   15.2   33.3   40.9   40.9
          1969    4.3    7.1    8.1    8.6   10.9   16.0   35.6   41.1   41.1
          1970    3.8    6.6    7.1    8.9   15.7   19.6   20.3   32.8   49.0
          1971    5.1    6.6    9.7   13.0   20.8   30.7   56.4   70.6   70.9
          1972    8.1   12.4   15.2   17.5   22.9   22.9   22.9   22.9   22.9
          1973    2.8    4.6    5.6    9.1    9.7    9.7   19.6   27.7   38.6
          1974    5.6    6.9    8.9   16.8   26.9   40.9   42.9   43.2   43.2
          1975    6.1    6.3    8.9   11.2   11.9   12.7   17.8   26.7   37.1
          1976   13.7   17.3   20.3   20.3   22.9   29.5   33.5   33.5   33.5
          1977    4.1    5.8    7.9   10.2   14.2   14.2   20.6   31.2   43.2
          1978    6.5   10.1   10.5   11.1   12.8   19.0   21.9   24.4   24.6
          1979    6.5    8.6   10.6   10.6   13.1   19.6   25.0   28.3   28.5
          1980    5.6    6.8    8.8   10.3   11.4   12.5   12.8   18.6   20.2
          1981    9.1   10.2   11.7   13.2   14.7   16.0   16.7   16.7   17.0
          1982    7.0   10.0   11.0   11.4   13.1   14.1   21.8   29.3   33.6
          1983   12.6   20.4   28.6   57.1   73.9   76.2   79.4   81.9   96.5
          1984    1.8    2.5    3.1    5.1    7.4   11.5   22.2   24.4   24.4
          1985    5.2    6.0    6.6    6.6    8.8   16.0   21.5   30.0   48.0
          1986    3.1    6.0    6.9   10.8   10.8   11.0   17.4   26.0   33.2
          1987    4.4    4.9    7.2    7.5    7.5    7.8    8.2   10.4   15.8
          1988    7.6   14.8   19.8   20.0   21.0   25.0   25.2   26.0   27.6
          1989    4.8    7.0    7.8    9.7   12.6   16.2   31.0   34.2   34.2
          1990    4.7    5.1    7.4   10.4   12.9   17.2   22.7   26.8   27.8
          1991    6.8    9.4   10.5   13.2   16.4   17.9   20.6   32.6   37.4
          1992    0.8    1.3    2.1    3.7    6.2   10.7   22.4   32.1   32.4
          2009    7.6   13.8   18.2   28.6   37.6   39.4   40.0   49.0   54.0
          2010   11.6   18.8   24.4   34.0   37.2   64.4   72.2   72.2   72.2
          2011    4.2    6.2    7.2    9.2   13.2   18.0   33.8   39.8   40.6
          2012    4.6    7.0    7.6   10.2   14.8   18.4   20.6   27.2   39.6
          2013    4.8    5.6    6.6    7.8   11.2   12.2   17.0   21.4   34.4
          2014    4.8    7.8    9.0   10.2   10.6   17.2   17.6   19.6   20.2
          2015    2.8    4.2    4.6    6.6    8.4   13.4   26.8   47.2   53.2
          2016    2.6    4.8    5.8    7.0    9.4   11.4   14.6   14.6   14.6
          2017    2.8    4.0    4.0    6.0    9.0    9.4   16.2   17.8   20.2
          2018    7.4    8.6    9.0   10.6   13.6   13.8   14.0   16.6   18.4
          2019    8.2   13.0   14.6   15.0   15.0   15.0   18.2   24.2   31.0
          2020    4.8    8.4   10.0   10.6   10.6   12.6   22.6   34.2   35.0
          2021    8.4   10.4   14.6   16.4   17.2   17.2   17.2   24.2   29.8
        ---------------------------------------------------------------------
        # Yrs.     44     44     44     44     44     45     45     45     45
        Années
          Mean    5.9    8.5   10.2   13.1   16.6   21.5   28.3   33.7   38.0
       Moyenne
     Std. Dev.    3.0    4.3    5.6    9.1   12.2   15.4   16.1   16.0   16.5
    Écart-type
         Skew.   1.08   1.06   1.44   3.11   3.12   2.18   1.79   1.40   1.38
   Dissymétrie
      Kurtosis   4.25   3.82   5.28  15.29  14.52   7.39   5.99   4.94   5.86
 
          *-99.9 Indicates Missing Data/Données manquantes
 
 Warning: annual maximum amount greater than 100-yr return period amount
 Avertissement : la quantité maximale annuelle excède la quantité
                 pour une période de retour de 100 ans
          Year/Année      Duration/Durée        Data/Données          100-yr/ans
                1983              15 min                28.6                27.7
                1983              30 min                57.1                41.7
                1983               1 h                  73.9                54.7
                1983               2 h                  76.2                69.6
                1983               6 h                  79.4                78.8
                1983              24 h                  96.5                89.9
 
********************************************************************************
 
Table 2a : Return Period Rainfall Amounts (mm)
           Quantité de pluie (mm) par période de retour
 
********************************************************************************
 
 Duration/Durée        2        5       10       25       50      100   #Years
                  yr/ans   yr/ans   yr/ans   yr/ans   yr/ans   yr/ans   Années
          5 min      5.4      8.1      9.8     12.0     13.7     15.3       44
         10 min      7.8     11.6     14.1     17.4     19.7     22.1       44
         15 min      9.3     14.3     17.5     21.6     24.7     27.7       44
         30 min     11.6     19.7     25.0     31.8     36.8     41.7       44
          1 h       14.6     25.3     32.4     41.4     48.1     54.7       44
          2 h       18.9     32.5     41.5     52.8     61.3     69.6       45
          6 h       25.7     39.9     49.3     61.2     70.0     78.8       45
         12 h       31.1     45.3     54.6     66.5     75.3     84.0       45
         24 h       35.3     49.9     59.6     71.8     80.9     89.9       45
 
********************************************************************************
 
Table 2b :
 
 Return Period Rainfall Rates (mm/h) - 95% Confidence limits
 Intensité de la pluie (mm/h) par période de retour - Limites de confiance de 95%
 
********************************************************************************
 
 Duration/Durée        2        5       10       25       50      100   #Years
                  yr/ans   yr/ans   yr/ans   yr/ans   yr/ans   yr/ans   Années
          5 min     65.3     96.9    117.8    144.3    163.9    183.4       44
                +/-  9.7 +/- 16.3 +/- 22.1 +/- 29.8 +/- 35.6 +/- 41.5       44
         10 min     46.5     69.6     84.8    104.1    118.4    132.7       44
                +/-  7.1 +/- 11.9 +/- 16.1 +/- 21.7 +/- 26.0 +/- 30.3       44
         15 min     37.3     57.0     70.0     86.5     98.7    110.9       44
                +/-  6.0 +/- 10.2 +/- 13.7 +/- 18.5 +/- 22.2 +/- 25.8       44
         30 min     23.2     39.3     50.0     63.5     73.5     83.4       44
                +/-  4.9 +/-  8.3 +/- 11.3 +/- 15.2 +/- 18.2 +/- 21.2       44
          1 h       14.6     25.3     32.4     41.4     48.1     54.7       44
                +/-  3.3 +/-  5.6 +/-  7.5 +/- 10.1 +/- 12.1 +/- 14.1       44
          2 h        9.5     16.3     20.7     26.4     30.6     34.8       45
                +/-  2.1 +/-  3.5 +/-  4.7 +/-  6.3 +/-  7.6 +/-  8.8       45
          6 h        4.3      6.6      8.2     10.2     11.7     13.1       45
                +/-  0.7 +/-  1.2 +/-  1.6 +/-  2.2 +/-  2.6 +/-  3.1       45
         12 h        2.6      3.8      4.6      5.5      6.3      7.0       45
                +/-  0.4 +/-  0.6 +/-  0.8 +/-  1.1 +/-  1.3 +/-  1.5       45
         24 h        1.5      2.1      2.5      3.0      3.4      3.7       45
                +/-  0.2 +/-  0.3 +/-  0.4 +/-  0.6 +/-  0.7 +/-  0.8       45
 
********************************************************************************
 
Table 3 : Interpolation Equation / Équation d'interpolation: R = A*T^B
 
R = Interpolated Rainfall rate (mm/h)/Intensité interpolée de la pluie (mm/h)
RR = Rainfall rate (mm/h) / Intensité de la pluie (mm/h)
 T = Rainfall duration (h) / Durée de la pluie (h)
 
********************************************************************************
 
       Statistics/Statistiques      2      5     10     25     50    100
                               yr/ans yr/ans yr/ans yr/ans yr/ans yr/ans
      Mean of RR/Moyenne de RR   22.7   35.2   43.5   53.9   61.6   69.3
    Std. Dev. /Écart-type (RR)   22.4   33.2   40.4   49.5   56.2   62.9
        Std. Error/Erreur-type    3.6    8.8   12.3   16.8   20.1   23.4
               Coefficient (A)   13.9   21.8   26.9   33.5   38.3   43.1
         Exponent/Exposant (B) -0.675 -0.683 -0.686 -0.688 -0.690 -0.691
 Mean % Error/% erreur moyenne    5.6   11.2   13.2   14.9   15.8   16.5
