                     Environment and Climate Change Canada
                 Environnement et Changement climatique Canada
                                        
           Short Duration Rainfall Intensity-Duration-Frequency Data
          Données sur l'intensité, la durée et la fréquence des chutes
                            de pluie de courte durée
                                        
                 Gumbel - Method of moments/Méthode des moments
                                        
                                   2022/10/31
                                        
================================================================================
 
 WYNYARD (AUT)                                          SK        40190LN       
                     
 Latitude:  51 46'N    Longitude: 104 12'W   Elevation/Altitude: 560        m
 
 Years/Années :  1965 - 2021          # Years/Années :     52   
 
================================================================================
 
********************************************************************************
 
Table 1 : Annual Maximum (mm)/Maximum annuel (mm)
 
********************************************************************************
 
          Year  5 min 10 min 15 min 30 min    1 h    2 h    6 h   12 h   24 h
         Année
          1965    5.3    8.1    9.1   15.5   23.4   25.1   29.7   32.0   37.1
          1966   10.4   17.0   19.8   22.1   35.3   56.4   66.5  114.3  133.9
          1967    2.5    3.6    4.8    8.1   16.0   18.8   21.6   26.4   31.0
          1968    3.6    4.8    5.3    6.9    7.6   12.2   27.9   31.5   42.9
          1969    7.1    9.4   10.9   13.7   15.7   21.6   30.0   34.8   41.9
          1970    7.4   10.9   13.2   19.6   25.7   31.5   42.2   45.2   45.5
          1971    5.8    7.4    8.1   13.0   14.0   17.8   23.4   27.9   45.5
          1972    7.6   10.4   12.7   14.7   16.0   21.3   23.1   23.1   23.1
          1973    6.3    7.9    9.4   11.4   13.5   17.5   24.1   31.0   47.2
          1974    5.1    7.1    8.4    9.7   11.4   17.0   26.7   41.7   53.1
          1975    6.3   10.9   14.0   17.3   17.8   18.0   25.4   27.7   48.3
          1976    5.1    5.3    5.8    8.9   10.9   12.4   26.9   37.3   43.7
          1977    9.9   14.7   18.8   29.2   44.7   54.9   64.3   64.3   72.4
          1978   14.6   18.7   24.8   49.5   61.6   63.4   63.4   63.4   63.4
          1979    8.0   10.5   10.7   10.7   11.0   13.2   13.8   14.1   20.5
          1980   10.3   16.7   20.5   32.5   39.2   46.7   49.0   49.0   49.0
          1981   12.5   22.8   31.2   35.3   37.4   38.4   38.7   40.7   53.1
          1982    3.6    5.0    7.2    8.0    9.8   14.7   25.9   42.8   59.4
          1983    6.5   10.9   13.5   20.9   29.6   33.1   53.6   54.2   54.2
          1984    5.7   10.0   13.7   15.5   17.5   17.7   24.0   33.4   45.3
          1985    4.6    5.1    6.8    9.7   11.6   12.6   24.2   29.5   30.0
          1986    5.0    7.5    8.7   11.9   14.8   15.3   20.4   21.2   23.8
          1987    5.7    7.0    9.2   12.6   14.8   20.3   23.2   23.3   25.8
          1988    5.2    9.0   13.4   16.7   19.2   24.2   26.0   26.0   30.7
          1989    6.0    9.6   13.6   25.2   26.4   26.4   26.4   26.4   34.4
          1990    3.3    3.5    3.9    6.6    9.7   14.5   22.9   25.2   28.7
          1991    7.6   14.0   15.3   16.3   24.8   26.1   30.4   35.2   45.8
          1992   10.2   11.0   11.2   12.0   12.8   12.8   28.3   37.0   40.5
          1993    3.8    5.1    5.4    5.9   10.8   14.7   25.7   36.9   51.2
          1994    4.3    7.1    8.7   12.3   15.4   19.4   25.0   45.6   49.9
          1995    6.3    8.9   10.5   11.9   12.7   20.9   37.1   65.0   95.4
          1996    5.3    7.7    9.6   10.6   11.6   15.7   20.1   24.3   24.9
          1997    6.4    7.3   10.2   14.1   15.6   23.4   29.6   31.7   32.4
          1998    2.8    5.2    7.4    9.3   13.6   16.2   25.3   42.2   52.0
          1999    4.4    7.8   10.0   14.7   23.8   24.0   24.0   24.2   25.7
          2002    6.7   12.0   15.2   19.8   19.8   20.2   36.0   53.9   54.5
          2005  -99.9  -99.9  -99.9  -99.9   20.9   36.6   46.1   51.0   55.9
          2006    6.4   12.2   16.4   18.2   18.2   18.4   28.0   47.4   64.8
          2007    7.0   12.8   17.2   20.8   25.4   25.6   27.0   28.4   43.6
          2008    8.4   15.8   22.0   33.0   33.2   33.2   37.8   44.4   44.8
          2009    4.6    5.6    8.2   15.2   20.2   23.6   34.6   42.0   45.2
          2010    8.6   14.0   17.8   20.4   21.4   21.6   22.2   26.6   28.2
          2011   13.4   20.6   23.4   24.8   25.2   25.2   30.8   30.8   35.6
          2012    7.4   13.4   17.0   21.8   22.8   22.8   22.8   24.0   27.0
          2013    2.0    3.6    4.6    7.2    9.0   12.2   19.4   23.2   23.8
          2014    5.8    7.2    7.2   10.6   13.6   19.4   32.8   43.6   55.6
          2015    2.4    3.0    3.4    5.0    8.8   13.6   25.2   26.8   36.8
          2016    9.2   17.4   25.8   39.2   45.4   47.2   47.2   53.4   58.6
          2017    4.4    7.4    9.4   14.4   21.6   27.6   27.8   35.0   44.4
          2018    3.6    6.2    6.8    7.2    7.8    8.8   12.0   17.0   22.2
          2019    9.0   16.4   22.2   31.0   35.6   37.4   37.8   52.8   55.0
          2020    6.8    8.0   10.0   11.0   12.2   14.6   15.8   16.6   16.8
          2021    5.0    8.2   10.4   12.2   12.2   12.4   13.0   13.8   20.4
        ---------------------------------------------------------------------
        # Yrs.     52     52     52     52     53     53     53     53     53
        Années
          Mean    6.4    9.8   12.4   16.6   20.2   23.7   30.3   37.0   44.1
       Moyenne
     Std. Dev.    2.7    4.6    6.2    9.3   11.1   12.1   12.1   16.7   19.7
    Écart-type
         Skew.   0.95   0.83   0.97   1.47   1.59   1.61   1.43   2.06   2.07
   Dissymétrie
      Kurtosis   4.15   3.31   3.68   5.41   6.02   5.46   5.14  10.67  10.74
 
          *-99.9 Indicates Missing Data/Données manquantes
 
 Warning: annual maximum amount greater than 100-yr return period amount
 Avertissement : la quantité maximale annuelle excède la quantité
                 pour une période de retour de 100 ans
          Year/Année      Duration/Durée        Data/Données          100-yr/ans
                1966              12 h                 114.3                89.3
                1966              24 h                 133.9               105.8
                1978              30 min                49.5                45.8
                1978               1 h                  61.6                54.9
                1978               2 h                  63.4                61.6
 
********************************************************************************
 
Table 2a : Return Period Rainfall Amounts (mm)
           Quantité de pluie (mm) par période de retour
 
********************************************************************************
 
 Duration/Durée        2        5       10       25       50      100   #Years
                  yr/ans   yr/ans   yr/ans   yr/ans   yr/ans   yr/ans   Années
          5 min      6.0      8.4     10.0     12.0     13.5     15.0       52
         10 min      9.1     13.2     15.9     19.3     21.9     24.4       52
         15 min     11.3     16.9     20.5     25.1     28.5     31.9       52
         30 min     15.1     23.3     28.7     35.6     40.7     45.8       52
          1 h       18.4     28.1     34.6     42.8     48.8     54.9       53
          2 h       21.8     32.4     39.5     48.4     55.1     61.6       53
          6 h       28.3     39.0     46.1     55.1     61.7     68.3       53
         12 h       34.2     49.0     58.7     71.1     80.2     89.3       53
         24 h       40.8     58.2     69.7     84.3     95.0    105.8       53
 
********************************************************************************
 
Table 2b :
 
 Return Period Rainfall Rates (mm/h) - 95% Confidence limits
 Intensité de la pluie (mm/h) par période de retour - Limites de confiance de 95%
 
********************************************************************************
 
 Duration/Durée        2        5       10       25       50      100   #Years
                  yr/ans   yr/ans   yr/ans   yr/ans   yr/ans   yr/ans   Années
          5 min     72.0    100.9    120.0    144.2    162.1    179.9       52
                +/-  8.2 +/- 13.7 +/- 18.6 +/- 25.0 +/- 29.9 +/- 34.9       52
         10 min     54.5     79.1     95.4    116.0    131.3    146.5       52
                +/-  7.0 +/- 11.7 +/- 15.8 +/- 21.3 +/- 25.5 +/- 29.7       52
         15 min     45.3     67.4     82.0    100.5    114.1    127.7       52
                +/-  6.2 +/- 10.5 +/- 14.2 +/- 19.1 +/- 22.8 +/- 26.6       52
         30 min     30.2     46.6     57.5     71.2     81.4     91.5       52
                +/-  4.6 +/-  7.8 +/- 10.5 +/- 14.2 +/- 17.0 +/- 19.8       52
          1 h       18.4     28.1     34.6     42.8     48.8     54.9       53
                +/-  2.7 +/-  4.6 +/-  6.2 +/-  8.4 +/- 10.0 +/- 11.7       53
          2 h       10.9     16.2     19.8     24.2     27.5     30.8       53
                +/-  1.5 +/-  2.5 +/-  3.4 +/-  4.6 +/-  5.5 +/-  6.4       53
          6 h        4.7      6.5      7.7      9.2     10.3     11.4       53
                +/-  0.5 +/-  0.8 +/-  1.1 +/-  1.5 +/-  1.8 +/-  2.1       53
         12 h        2.9      4.1      4.9      5.9      6.7      7.4       53
                +/-  0.3 +/-  0.6 +/-  0.8 +/-  1.1 +/-  1.3 +/-  1.5       53
         24 h        1.7      2.4      2.9      3.5      4.0      4.4       53
                +/-  0.2 +/-  0.3 +/-  0.5 +/-  0.6 +/-  0.7 +/-  0.9       53
 
********************************************************************************
 
Table 3 : Interpolation Equation / Équation d'interpolation: R = A*T^B
 
R = Interpolated Rainfall rate (mm/h)/Intensité interpolée de la pluie (mm/h)
RR = Rainfall rate (mm/h) / Intensité de la pluie (mm/h)
 T = Rainfall duration (h) / Durée de la pluie (h)
 
********************************************************************************
 
       Statistics/Statistiques      2      5     10     25     50    100
                               yr/ans yr/ans yr/ans yr/ans yr/ans yr/ans
      Mean of RR/Moyenne de RR   26.7   39.0   47.2   57.5   65.1   72.7
    Std. Dev. /Écart-type (RR)   25.4   36.3   43.5   52.7   59.5   66.2
        Std. Error/Erreur-type    6.9   12.6   16.4   21.2   24.7   28.2
               Coefficient (A)   16.3   23.9   28.9   35.1   39.8   44.4
         Exponent/Exposant (B) -0.684 -0.689 -0.691 -0.693 -0.694 -0.695
 Mean % Error/% erreur moyenne    8.9   11.8   13.0   13.9   14.5   14.9
