                     Environment and Climate Change Canada
                 Environnement et Changement climatique Canada
                                        
           Short Duration Rainfall Intensity-Duration-Frequency Data
          Données sur l'intensité, la durée et la fréquence des chutes
                            de pluie de courte durée
                                        
                 Gumbel - Method of moments/Méthode des moments
                                        
                                   2022/10/31
                                        
================================================================================
 
 INDIAN HEAD CDA                                        SK        4013480       
                     
 Latitude:  50 33'N    Longitude: 103 39'W   Elevation/Altitude: 579        m
 
 Years/Années :  1962 - 2021          # Years/Années :     49   
 
================================================================================
 
********************************************************************************
 
Table 1 : Annual Maximum (mm)/Maximum annuel (mm)
 
********************************************************************************
 
          Year  5 min 10 min 15 min 30 min    1 h    2 h    6 h   12 h   24 h
         Année
          1962    5.6    8.6   10.9   12.7   13.2   17.3   27.7   27.9   28.7
          1963    9.9   18.3   21.6   28.2   31.7   34.0   40.6   40.6   41.9
          1964   13.0   15.0   20.3   25.4   25.4   25.4   25.7   26.9   27.4
          1965    6.6   10.2   14.5   18.5   18.5   28.4   28.4   28.7   37.8
          1966    7.4   12.2   14.7   19.8   20.1   20.8   24.1   24.4   25.7
          1967    3.0    5.1    6.9   10.9   14.2   15.7   16.3   20.1   30.5
          1968    5.3    9.4   13.5   15.5   16.3   16.3   23.1   33.3   36.1
          1969    3.6    5.6    7.4    8.9   12.7   22.9   23.1   27.2   30.7
          1970    7.6    8.9   10.7   10.9   12.2   24.4   29.2   38.9   42.4
          1971    3.8    7.6    8.1    8.1    9.1   14.2   19.3   25.7   40.9
          1972    9.1   10.9   10.9   11.2   15.2   16.8   28.4   31.7   34.0
          1973    8.1   14.5   20.6   32.8   42.2   53.8   58.4   58.4   58.4
          1974    3.8    4.8    5.8    8.1   12.2   20.8   43.2   60.7   63.2
          1975   11.9   19.3   22.1   26.4   26.9   26.9   26.9   36.3   52.3
          1976    7.1   14.0   20.1   25.7   31.5   33.3   37.6   71.9   84.8
          1977    5.6    8.1   11.9   16.3   16.5   20.8   25.9   41.7   43.7
          1978    6.5   10.0   11.7   19.2   22.7   27.3   37.0   37.0   37.0
          1979   14.8   18.0   26.9   33.5   42.8   47.1   56.4   56.4   56.4
          1980    7.3    9.7   10.3   11.4   17.2   29.5   43.0   47.3   63.0
          1981    9.2   11.8   14.5   21.3   22.3   28.7   67.9   89.2   89.2
          1982    4.7    9.1    9.7   11.9   18.9   29.6   54.4   78.2  102.0
          1983   10.5   20.6   28.2   28.6   29.7   30.1   51.7   51.7   55.0
          1984    4.3    6.2    6.8    9.4   11.0   11.0   16.8   17.2   24.4
          1985    4.0    7.2    8.8   12.1   13.4   14.3   16.7   28.5   30.4
          1986    2.9    5.7    7.3   11.0   14.5   17.2   32.6   48.2   76.7
          1987    3.2    5.9    8.0   14.7   20.4   25.7   30.8   32.0   32.6
          1988    3.7    6.1    8.8    9.9   10.7   14.3   23.4   31.8   31.8
          1989    6.7   13.3   14.1   17.2   18.4   24.7   32.9   36.7   42.2
          1990   13.2   15.0   15.8   18.2   22.4   30.6   37.2   39.0   43.8
          1991    4.2    5.4    6.0    8.8   12.4   15.6  -99.9  -99.9   45.5
          1993    4.6    8.1    9.2   11.6   17.3   18.2   25.5   38.4   51.9
          1994    6.8   11.4   13.3   17.6   18.0   18.3   22.8   32.5   44.4
          1995   15.9   24.3   28.5   33.3   41.8   42.0   55.0   55.0   55.0
          2005    6.8    9.4    9.8   10.2   11.8   16.8   26.8   44.8   57.0
          2006    5.8    8.4   10.0   13.2   13.2   16.2   17.0   23.2   31.4
          2007   13.6   19.8   22.0   25.6   26.0   26.0   26.8   26.8   27.4
          2008    8.4   11.8   15.0   23.0   38.4   56.2   61.8   66.8   98.4
          2009   27.4   29.6   29.6   29.6   29.6   29.6   32.6   34.4   49.4
          2010    4.2    7.2   10.4   17.8   21.8   21.8   27.2   31.6   35.4
          2011    5.0    9.0   13.0   14.8   18.8   29.4   39.0   43.0   52.0
          2012    5.4    9.4   11.2   16.6   18.6   18.6   28.8   28.8   29.0
          2013   10.0   14.0   14.8   16.4   25.8   26.0   32.2   33.0   33.0
          2014    6.8    8.6    9.4   14.8   21.0   23.2   30.4   38.6   51.8
          2015    5.0    7.4   10.0   18.2   25.4   33.6   43.2   43.6   43.6
          2016    2.0    3.0    3.8    5.2    9.2   13.0   15.4   20.4   25.2
          2017    3.0    4.6    5.4    6.2    8.8   14.2   29.8   40.0   41.2
          2018    5.2    8.2    9.4   10.0   10.2   17.4   26.6   28.0   36.4
          2019    6.8    9.8   11.4   15.0   16.2   20.4   28.4   38.0   38.0
          2020    4.4    5.6    6.2    6.2    6.2    8.4   12.6   17.4   17.4
          2021   12.4   18.4   23.0   26.4   26.6   31.8   39.8   42.6   42.8
        ---------------------------------------------------------------------
        # Yrs.     50     50     50     50     50     50     49     49     50
        Années
          Mean    7.3   10.9   13.2   16.8   20.0   24.4   32.7   39.1   45.4
       Moyenne
     Std. Dev.    4.4    5.5    6.5    7.6    9.0   10.1   12.9   15.4   18.7
    Écart-type
         Skew.   2.22   1.31   1.03   0.66   0.97   1.29   0.95   1.28   1.41
   Dissymétrie
      Kurtosis  10.40   4.93   3.40   2.67   3.68   5.24   3.58   4.93   5.05
 
          *-99.9 Indicates Missing Data/Données manquantes
 
 Warning: annual maximum amount greater than 100-yr return period amount
 Avertissement : la quantité maximale annuelle excède la quantité
                 pour une période de retour de 100 ans
          Year/Année      Duration/Durée        Data/Données          100-yr/ans
                1981              12 h                  89.2                87.3
                2008               2 h                  56.2                55.9
                2009               5 min                27.4                21.3
                2009              10 min                29.6                28.1
 
********************************************************************************
 
Table 2a : Return Period Rainfall Amounts (mm)
           Quantité de pluie (mm) par période de retour
 
********************************************************************************
 
 Duration/Durée        2        5       10       25       50      100   #Years
                  yr/ans   yr/ans   yr/ans   yr/ans   yr/ans   yr/ans   Années
          5 min      6.6     10.5     13.1     16.4     18.8     21.3       50
         10 min     10.0     14.8     18.1     22.1     25.1     28.1       50
         15 min     12.2     17.9     21.8     26.6     30.2     33.7       50
         30 min     15.5     22.3     26.7     32.4     36.5     40.7       50
          1 h       18.5     26.4     31.7     38.3     43.2     48.1       50
          2 h       22.7     31.6     37.5     44.9     50.4     55.9       50
          6 h       30.5     41.9     49.5     59.0     66.1     73.1       49
         12 h       36.5     50.1     59.1     70.5     79.0     87.3       49
         24 h       42.3     58.8     69.8     83.6     93.9    104.0       50
 
********************************************************************************
 
Table 2b :
 
 Return Period Rainfall Rates (mm/h) - 95% Confidence limits
 Intensité de la pluie (mm/h) par période de retour - Limites de confiance de 95%
 
********************************************************************************
 
 Duration/Durée        2        5       10       25       50      100   #Years
                  yr/ans   yr/ans   yr/ans   yr/ans   yr/ans   yr/ans   Années
          5 min     79.1    126.2    157.5    196.9    226.2    255.2       50
                +/- 13.6 +/- 22.9 +/- 30.9 +/- 41.6 +/- 49.8 +/- 58.0       50
         10 min     59.9     89.0    108.3    132.7    150.8    168.7       50
                +/-  8.4 +/- 14.1 +/- 19.1 +/- 25.7 +/- 30.8 +/- 35.8       50
         15 min     48.7     71.8     87.1    106.4    120.7    134.9       50
                +/-  6.6 +/- 11.2 +/- 15.1 +/- 20.4 +/- 24.4 +/- 28.4       50
         30 min     31.0     44.5     53.4     64.7     73.1     81.4       50
                +/-  3.9 +/-  6.5 +/-  8.8 +/- 11.9 +/- 14.2 +/- 16.6       50
          1 h       18.5     26.4     31.7     38.3     43.2     48.1       50
                +/-  2.3 +/-  3.8 +/-  5.2 +/-  7.0 +/-  8.4 +/-  9.7       50
          2 h       11.4     15.8     18.7     22.5     25.2     27.9       50
                +/-  1.3 +/-  2.2 +/-  2.9 +/-  3.9 +/-  4.7 +/-  5.5       50
          6 h        5.1      7.0      8.2      9.8     11.0     12.2       49
                +/-  0.6 +/-  0.9 +/-  1.3 +/-  1.7 +/-  2.0 +/-  2.4       49
         12 h        3.0      4.2      4.9      5.9      6.6      7.3       49
                +/-  0.3 +/-  0.6 +/-  0.7 +/-  1.0 +/-  1.2 +/-  1.4       49
         24 h        1.8      2.5      2.9      3.5      3.9      4.3       50
                +/-  0.2 +/-  0.3 +/-  0.5 +/-  0.6 +/-  0.7 +/-  0.8       50
 
********************************************************************************
 
Table 3 : Interpolation Equation / Équation d'interpolation: R = A*T^B
 
R = Interpolated Rainfall rate (mm/h)/Intensité interpolée de la pluie (mm/h)
RR = Rainfall rate (mm/h) / Intensité de la pluie (mm/h)
 T = Rainfall duration (h) / Durée de la pluie (h)
 
********************************************************************************
 
       Statistics/Statistiques      2      5     10     25     50    100
                               yr/ans yr/ans yr/ans yr/ans yr/ans yr/ans
      Mean of RR/Moyenne de RR   28.7   43.0   52.5   64.5   73.4   82.2
    Std. Dev. /Écart-type (RR)   28.0   43.8   54.3   67.6   77.4   87.2
        Std. Error/Erreur-type    6.7    8.0    8.9    9.9   10.7   11.5
               Coefficient (A)   17.3   25.0   30.1   36.5   41.2   45.9
         Exponent/Exposant (B) -0.690 -0.711 -0.720 -0.727 -0.730 -0.733
 Mean % Error/% erreur moyenne    7.2    5.4    4.9    4.5    4.2    4.1
