                     Environment and Climate Change Canada
                 Environnement et Changement climatique Canada
                                        
           Short Duration Rainfall Intensity-Duration-Frequency Data
          Données sur l'intensité, la durée et la fréquence des chutes
                            de pluie de courte durée
                                        
                 Gumbel - Method of moments/Méthode des moments
                                        
                                   2022/10/31
                                        
================================================================================
 
 SWIFT CURRENT CDA                                      SK        4028060       
                     
 Latitude:  50 16'N    Longitude: 107 44'W   Elevation/Altitude: 825        m
 
 Years/Années :  1959 - 2021          # Years/Années :     52   
 
================================================================================
 
********************************************************************************
 
Table 1 : Annual Maximum (mm)/Maximum annuel (mm)
 
********************************************************************************
 
          Year  5 min 10 min 15 min 30 min    1 h    2 h    6 h   12 h   24 h
         Année
          1959    4.8    6.6    7.6    8.6    8.9   15.7   30.2   39.4   73.7
          1960    8.4   12.2   15.7   17.5   20.8   23.1   23.4   24.4   30.2
          1961    8.4   10.9   13.0   14.2   14.2   14.2   17.8   18.8   18.8
          1962    5.6   10.4   11.2   12.7   17.8   22.6   28.4   30.5   30.5
          1963   12.4   15.5   15.5   15.7   15.7   15.7   18.5   23.6   28.7
          1964   24.1   38.1   44.7   65.8   81.5   89.2   89.7   91.4   92.2
          1965    9.4   14.5   19.3   22.9   24.6   24.6   27.4   35.8   45.0
          1966    4.6    5.3    6.9    6.9    8.9   13.5   38.1   56.4   61.0
          1967    4.1    7.1    7.4    7.4    7.9   12.4   26.4   34.0   41.9
          1968    3.3    3.8    3.8    4.8    8.1   11.9   14.5   15.7   19.6
          1969    4.6    6.1    7.1    8.9   11.4   16.8   21.6   22.9   25.1
          1970    4.8    7.4    8.9   11.7   14.2   20.3   34.0   53.3   55.9
          1971    3.6    4.6    5.6    8.1    8.4   12.4   16.5   16.8   19.3
          1972    4.6    6.1    6.1    7.1   13.2   15.0   20.6   23.9   37.8
          1973    3.3    3.6    3.6    3.8    4.3    6.6   14.7   22.1   22.9
          1974    5.8    9.7   12.2   15.7   17.8   17.8   17.8   22.9   32.5
          1975    6.6   10.7   11.7   12.2   16.5   17.5   17.8   21.6   22.9
          1976    6.3   10.7   15.2   18.0   19.3   20.3   20.3   20.3   22.1
          1977    1.8    3.0    3.6    3.8    6.3    8.4   21.6   22.1   26.7
          1978    3.6    5.2    5.9    5.9   10.0   10.0   14.4   24.6   33.8
          1979    5.1    8.3    9.0   12.0   12.3   13.1   13.2   13.4   16.0
          1980    4.4    6.5    7.1    8.0   13.9   18.5   33.5   34.3   34.6
          1981    5.9    7.3   10.7   11.7   11.9   11.9   16.8   23.7   31.8
          1982    5.6    6.8    6.8    7.8   13.2   13.2   16.8   26.9   32.3
          1983    6.6    7.3    7.5    9.3   10.0   11.4   22.9   33.2   41.9
          1984    2.3    3.5    4.7    6.5   11.2   14.1   22.7   34.8   35.4
          1985   11.8   14.1   18.0   20.7   21.2   21.2   21.2   21.2   21.4
          1986    2.8    4.1    6.0    8.2   12.4   16.8   30.6   31.8   35.0
          1987    2.9    3.8    4.3    6.2    7.9   10.5   14.5   21.5   22.2
          1988    6.5   11.9   16.4   18.0   26.0   26.0   26.0   26.0   26.1
          1989    5.1    9.8   11.2   11.7   12.0   15.0   23.8   43.0   49.4
          1990    5.6   10.0   11.2   13.1   16.4   17.8   18.0   18.0   22.8
          1991   10.2   17.2   19.8   22.8   25.7   28.0   30.0   30.4   30.6
          1992    4.7    8.1    9.5   12.2   12.9   14.4   20.2   22.6   24.1
          1993    4.1    7.4   10.0   12.5   14.6   17.4   35.6   58.6   69.1
          1994    5.6    7.0    7.9   10.0   10.0   17.2   25.0   26.6   34.0
          2005    3.2    4.6    4.8    5.4    9.2   14.8   23.8   25.2   25.4
          2006   14.6   16.4   16.4   16.6   16.6   17.6   23.0   25.4   31.4
          2007    2.0    2.6    3.4    4.4    7.4    7.8   12.2   17.0   19.0
          2008    8.0   16.0   20.2   21.6   21.6   21.6   21.8   24.4   43.4
          2009    4.0    5.6    6.2    8.4   12.2   13.8   15.4   16.0   20.8
          2010   10.8   16.4   16.6   16.6   16.6   16.6   20.4   28.6   36.0
          2011    4.8    7.4   10.2   17.8   24.8   28.8   31.2   31.2   39.0
          2012    9.0   15.2   19.2   20.0   20.0   20.0   20.2   22.4   29.0
          2013    4.2    6.4    8.8   11.8   13.2   20.6   24.0   24.0   33.4
          2014    6.0   11.2   13.2   15.8   16.6   18.4   22.4   36.0   47.0
          2015    2.6    4.4    6.2    9.4   13.4   19.4   31.8   47.4   53.2
          2017    4.0    5.2    5.2    6.8    9.6   13.6   17.6   21.2   25.6
          2018    7.4   11.8   14.2   16.0   21.6   21.6   21.8   22.0   22.0
          2019    7.0   11.6   14.6   20.2   24.4   26.8   28.2   28.2   38.4
          2020    4.8    8.4   10.6   17.0   19.2   23.8   25.8   25.8   26.8
          2021    7.2   10.4   12.6   14.8   15.0   24.8   31.4   32.8   33.0
        ---------------------------------------------------------------------
        # Yrs.     52     52     52     52     52     52     52     52     52
        Années
          Mean    6.1    9.2   10.9   13.2   15.8   18.5   24.1   29.1   34.4
       Moyenne
     Std. Dev.    3.7    5.7    6.7    9.1   10.7   11.3   11.2   13.2   15.0
    Écart-type
         Skew.   2.61   2.71   2.58   3.87   4.62   4.99   4.09   2.57   1.79
   Dissymétrie
      Kurtosis  12.91  14.93  14.14  24.32  30.38  33.73  25.94  12.07   7.00
 
          *-99.9 Indicates Missing Data/Données manquantes
 
 Warning: annual maximum amount greater than 100-yr return period amount
 Avertissement : la quantité maximale annuelle excède la quantité
                 pour une période de retour de 100 ans
          Year/Année      Duration/Durée        Data/Données          100-yr/ans
                1964               5 min                24.1                17.8
                1964              10 min                38.1                27.1
                1964              15 min                44.7                32.1
                1964              30 min                65.8                41.8
                1964               1 h                  81.5                49.5
                1964               2 h                  89.2                53.9
                1964               6 h                  89.7                59.2
                1964              12 h                  91.4                70.6
                1964              24 h                  92.2                81.5
 
********************************************************************************
 
Table 2a : Return Period Rainfall Amounts (mm)
           Quantité de pluie (mm) par période de retour
 
********************************************************************************
 
 Duration/Durée        2        5       10       25       50      100   #Years
                  yr/ans   yr/ans   yr/ans   yr/ans   yr/ans   yr/ans   Années
          5 min      5.5      8.8     11.0     13.7     15.8     17.8       52
         10 min      8.3     13.3     16.6     20.8     24.0     27.1       52
         15 min      9.8     15.8     19.7     24.7     28.4     32.1       52
         30 min     11.7     19.7     25.1     31.8     36.8     41.8       52
          1 h       14.1     23.6     29.8     37.8     43.7     49.5       52
          2 h       16.7     26.6     33.2     41.6     47.7     53.9       52
          6 h       22.3     32.2     38.7     47.0     53.1     59.2       52
         12 h       26.9     38.6     46.4     56.2     63.4     70.6       52
         24 h       32.0     45.2     54.0     65.1     73.4     81.5       52
 
********************************************************************************
 
Table 2b :
 
 Return Period Rainfall Rates (mm/h) - 95% Confidence limits
 Intensité de la pluie (mm/h) par période de retour - Limites de confiance de 95%
 
********************************************************************************
 
 Duration/Durée        2        5       10       25       50      100   #Years
                  yr/ans   yr/ans   yr/ans   yr/ans   yr/ans   yr/ans   Années
          5 min     66.3    105.7    131.9    164.9    189.4    213.7       52
                +/- 11.1 +/- 18.8 +/- 25.4 +/- 34.2 +/- 40.9 +/- 47.6       52
         10 min     49.6     79.8     99.7    125.0    143.7    162.3       52
                +/-  8.5 +/- 14.4 +/- 19.4 +/- 26.1 +/- 31.3 +/- 36.4       52
         15 min     39.2     63.1     78.9     98.8    113.6    128.3       52
                +/-  6.7 +/- 11.3 +/- 15.3 +/- 20.7 +/- 24.7 +/- 28.8       52
         30 min     23.4     39.5     50.1     63.6     73.6     83.5       52
                +/-  4.5 +/-  7.7 +/- 10.3 +/- 13.9 +/- 16.7 +/- 19.4       52
          1 h       14.1     23.6     29.8     37.8     43.7     49.5       52
                +/-  2.7 +/-  4.5 +/-  6.1 +/-  8.2 +/-  9.8 +/- 11.5       52
          2 h        8.3     13.3     16.6     20.8     23.9     26.9       52
                +/-  1.4 +/-  2.4 +/-  3.2 +/-  4.3 +/-  5.2 +/-  6.0       52
          6 h        3.7      5.4      6.5      7.8      8.8      9.9       52
                +/-  0.5 +/-  0.8 +/-  1.1 +/-  1.4 +/-  1.7 +/-  2.0       52
         12 h        2.2      3.2      3.9      4.7      5.3      5.9       52
                +/-  0.3 +/-  0.5 +/-  0.6 +/-  0.8 +/-  1.0 +/-  1.2       52
         24 h        1.3      1.9      2.3      2.7      3.1      3.4       52
                +/-  0.2 +/-  0.3 +/-  0.4 +/-  0.5 +/-  0.6 +/-  0.7       52
 
********************************************************************************
 
Table 3 : Interpolation Equation / Équation d'interpolation: R = A*T^B
 
R = Interpolated Rainfall rate (mm/h)/Intensité interpolée de la pluie (mm/h)
RR = Rainfall rate (mm/h) / Intensité de la pluie (mm/h)
 T = Rainfall duration (h) / Durée de la pluie (h)
 
********************************************************************************
 
       Statistics/Statistiques      2      5     10     25     50    100
                               yr/ans yr/ans yr/ans yr/ans yr/ans yr/ans
      Mean of RR/Moyenne de RR   23.1   37.3   46.6   58.5   67.2   75.9
    Std. Dev. /Écart-type (RR)   23.5   37.7   47.1   59.0   67.8   76.6
        Std. Error/Erreur-type    4.9   10.2   13.8   18.5   21.9   25.4
               Coefficient (A)   13.4   21.0   26.1   32.4   37.1   41.7
         Exponent/Exposant (B) -0.711 -0.739 -0.748 -0.756 -0.761 -0.764
 Mean % Error/% erreur moyenne    5.6    8.4    9.3   10.2   10.7   11.1
