                     Environment and Climate Change Canada
                 Environnement et Changement climatique Canada
                                        
           Short Duration Rainfall Intensity-Duration-Frequency Data
          Données sur l'intensité, la durée et la fréquence des chutes
                            de pluie de courte durée
                                        
                 Gumbel - Method of moments/Méthode des moments
                                        
                                   2022/10/31
                                        
================================================================================
 
 KINDERSLEY A                                           SK        4043901       
                     
 Latitude:  51 31'N    Longitude: 109 11'W   Elevation/Altitude: 693        m
 
 Years/Années :  1966 - 2016          # Years/Années :     50   
 
================================================================================
 
********************************************************************************
 
Table 1 : Annual Maximum (mm)/Maximum annuel (mm)
 
********************************************************************************
 
          Year  5 min 10 min 15 min 30 min    1 h    2 h    6 h   12 h   24 h
         Année
          1966    3.0    6.1    7.9   11.7   13.2   17.5   18.5   26.4   27.9
          1967    5.3   10.2   12.2   14.7   15.2   15.5   17.8   18.8   18.8
          1968    4.6    8.1    9.7   16.3   18.3   20.3   22.9   29.2   41.9
          1969    5.3    6.3    6.3    6.6    9.1   15.5   19.0   24.1   24.6
          1970    6.1    9.1   10.4   10.9   12.2   14.5   17.3   22.6   22.6
          1971   23.4   30.5   32.0   33.5   35.6   37.6   45.0   46.2   51.3
          1972    4.6    6.3    6.9    7.9   10.2   13.7   24.9   32.0   42.7
          1973   10.2   13.2   17.0   22.6   22.6   31.7   48.3   50.5   56.6
          1974    9.9   11.7   11.7   12.4   13.0   21.6   26.9   31.0   42.4
          1975    5.8    7.9   10.7   14.2   14.5   14.5   17.5   25.9   26.9
          1976    2.8    3.8    4.8    8.1   15.0   20.8   25.4   39.4   46.7
          1977    3.6    5.3    6.6    9.1   14.0   19.8   26.7   36.3   40.6
          1978    4.8    6.4    9.6   12.7   12.7   12.8   12.8   12.8   18.0
          1979    6.0    6.7    8.1    9.9   14.4   19.2   19.8   19.8   19.8
          1980   10.7   14.8   15.8   15.8   16.1   17.2   17.2   27.3   30.4
          1981    5.3    6.6    7.7   10.1   12.1   13.2   15.3   17.3   24.7
          1982    5.5    5.9    5.9    5.9    8.3   12.5   16.5   17.2   17.2
          1983    6.2    9.0   11.5   13.1   17.5   25.9   40.7   64.7   82.9
          1984    5.8    9.4   11.2   16.2   17.8   18.0   19.7   22.5   27.9
          1985    5.7    8.5    9.6    9.9   12.8   13.1   19.2   19.9   23.0
          1986    2.7    3.1    4.5    9.0    9.6   11.2   18.3   19.2   25.4
          1987    3.5    6.9    7.3    9.5    9.5    9.5   15.4   15.4   17.0
          1988   12.9   15.5   16.5   28.4   39.7   45.7   47.2   47.2   53.4
          1989    5.7   11.4   12.0   13.9   16.3   16.4   16.4   26.0   34.4
          1990    6.0    8.0   10.0   15.4   16.2   20.7   21.2   22.4   22.4
          1991    5.8    9.6   11.6   13.2   21.4   32.0  -99.9  -99.9   77.2
          1992    1.6    2.4    3.3    5.0    8.0   10.0   13.8   16.6   22.2
          1993    6.1   10.1   15.1   21.2   22.4   23.2   29.6   34.9   41.9
          1994    2.6    2.6    3.2    4.2    6.3   10.7   18.2   19.6   29.0
          1995    9.6   13.4   18.7   19.6   22.0   24.2   24.2   24.2   31.3
          1996    5.0    9.5   11.8   12.7   12.7   17.8   25.8   25.8   25.8
          1997    8.7   17.4   25.3   27.4   30.0   33.0   33.4   33.4   33.4
          1998    9.7   12.1   17.5   25.1   33.1   35.0   37.3   49.4   64.9
          1999    3.4    5.4    7.7    9.2   10.9   15.9   26.6   36.7   55.2
          2000    6.6    8.8   10.9   13.1   13.1   15.5   30.7   35.7   38.0
          2001    2.1    4.0    6.0    6.2    6.2    7.6   10.9   12.2   15.8
          2002    4.2    6.1    6.6   10.7   15.1   25.5   47.2   52.8   53.2
          2003    6.0    8.6   10.7   17.6   23.5   24.4   24.4   24.5   24.5
          2004  -99.9  -99.9  -99.9  -99.9  -99.9  -99.9   27.0   27.0   32.0
          2005    5.1    9.9   11.1   16.1   19.3   20.3   45.7   64.4   85.3
          2006   10.9   15.3   17.2   19.6   21.6   22.9   26.4   26.8   29.9
          2007    8.6    9.7    9.9   11.2   12.8   13.2   16.2   20.0   27.9
          2008    3.9    7.8    8.3    8.7    8.9   12.8   16.8   20.6   23.1
          2009    7.0   12.1   16.1   27.2   28.6   30.4   35.8   44.4   45.4
          2010    8.8   12.9   16.9   17.1   25.8   26.8   37.9   46.3   52.3
          2011    6.0    8.8   10.9   15.3   17.4   17.4   25.5   32.9   32.9
          2012    4.6    6.0    6.9    8.4    9.0   12.0   24.0   32.0   33.8
          2013   12.3   15.7   16.8   25.7   32.7   36.4   36.4   36.4   36.4
          2014    5.4   10.2   11.9   14.2   15.0   22.0   22.4   22.8   34.2
          2015    6.2   10.8   13.3   15.8   16.2   16.8   21.8   25.3   33.7
          2016   11.1   19.9   24.0   34.5   46.1   52.2   60.6   60.8   67.4
        ---------------------------------------------------------------------
        # Yrs.     50     50     50     50     50     50     50     50     51
        Années
          Mean    6.5    9.6   11.6   14.7   17.5   20.7   26.2   30.8   37.0
       Moyenne
     Std. Dev.    3.6    4.9    5.7    7.1    8.7    9.4   11.0   13.1   16.9
    Écart-type
         Skew.   2.27   1.79   1.36   1.05   1.38   1.34   1.15   1.01   1.22
   Dissymétrie
      Kurtosis  11.42   8.90   5.84   3.85   4.91   5.02   3.99   3.54   4.22
 
          *-99.9 Indicates Missing Data/Données manquantes
 
 Warning: annual maximum amount greater than 100-yr return period amount
 Avertissement : la quantité maximale annuelle excède la quantité
                 pour une période de retour de 100 ans
          Year/Année      Duration/Durée        Data/Données          100-yr/ans
                1971               5 min                23.4                17.9
                1971              10 min                30.5                24.9
                1971              15 min                32.0                29.3
                2016               1 h                  46.1                44.9
                2016               2 h                  52.2                50.2
 
********************************************************************************
 
Table 2a : Return Period Rainfall Amounts (mm)
           Quantité de pluie (mm) par période de retour
 
********************************************************************************
 
 Duration/Durée        2        5       10       25       50      100   #Years
                  yr/ans   yr/ans   yr/ans   yr/ans   yr/ans   yr/ans   Années
          5 min      5.9      9.1     11.3     13.9     15.9     17.9       50
         10 min      8.8     13.1     16.0     19.6     22.2     24.9       50
         15 min     10.6     15.6     18.9     23.1     26.2     29.3       50
         30 min     13.6     19.9     24.1     29.3     33.3     37.2       50
          1 h       16.0     23.8     28.9     35.3     40.1     44.9       50
          2 h       19.2     27.5     33.0     39.9     45.1     50.2       50
          6 h       24.4     34.1     40.6     48.8     54.8     60.8       50
         12 h       28.6     40.2     47.9     57.6     64.9     72.0       50
         24 h       34.2     49.2     59.1     71.6     80.9     90.1       51
 
********************************************************************************
 
Table 2b :
 
 Return Period Rainfall Rates (mm/h) - 95% Confidence limits
 Intensité de la pluie (mm/h) par période de retour - Limites de confiance de 95%
 
********************************************************************************
 
 Duration/Durée        2        5       10       25       50      100   #Years
                  yr/ans   yr/ans   yr/ans   yr/ans   yr/ans   yr/ans   Années
          5 min     71.3    109.7    135.2    167.4    191.3    215.0       50
                +/- 11.1 +/- 18.7 +/- 25.2 +/- 34.0 +/- 40.7 +/- 47.4       50
         10 min     52.8     78.6     95.7    117.3    133.4    149.3       50
                +/-  7.4 +/- 12.5 +/- 16.9 +/- 22.8 +/- 27.3 +/- 31.8       50
         15 min     42.5     62.5     75.7     92.4    104.8    117.1       50
                +/-  5.8 +/-  9.7 +/- 13.1 +/- 17.6 +/- 21.1 +/- 24.6       50
         30 min     27.1     39.8     48.1     58.7     66.5     74.3       50
                +/-  3.6 +/-  6.1 +/-  8.3 +/- 11.2 +/- 13.3 +/- 15.6       50
          1 h       16.0     23.8     28.9     35.3     40.1     44.9       50
                +/-  2.2 +/-  3.7 +/-  5.1 +/-  6.8 +/-  8.2 +/-  9.5       50
          2 h        9.6     13.7     16.5     20.0     22.5     25.1       50
                +/-  1.2 +/-  2.0 +/-  2.7 +/-  3.7 +/-  4.4 +/-  5.1       50
          6 h        4.1      5.7      6.8      8.1      9.1     10.1       50
                +/-  0.5 +/-  0.8 +/-  1.1 +/-  1.4 +/-  1.7 +/-  2.0       50
         12 h        2.4      3.4      4.0      4.8      5.4      6.0       50
                +/-  0.3 +/-  0.5 +/-  0.6 +/-  0.9 +/-  1.0 +/-  1.2       50
         24 h        1.4      2.0      2.5      3.0      3.4      3.8       51
                +/-  0.2 +/-  0.3 +/-  0.4 +/-  0.5 +/-  0.7 +/-  0.8       51
 
********************************************************************************
 
Table 3 : Interpolation Equation / Équation d'interpolation: R = A*T^B
 
R = Interpolated Rainfall rate (mm/h)/Intensité interpolée de la pluie (mm/h)
RR = Rainfall rate (mm/h) / Intensité de la pluie (mm/h)
 T = Rainfall duration (h) / Durée de la pluie (h)
 
********************************************************************************
 
       Statistics/Statistiques      2      5     10     25     50    100
                               yr/ans yr/ans yr/ans yr/ans yr/ans yr/ans
      Mean of RR/Moyenne de RR   25.2   37.7   45.9   56.3   64.1   71.7
    Std. Dev. /Écart-type (RR)   25.1   38.3   47.0   58.0   66.2   74.4
        Std. Error/Erreur-type    6.1    8.4    9.9   11.8   13.2   14.6
               Coefficient (A)   14.8   21.6   26.1   31.7   36.0   40.1
         Exponent/Exposant (B) -0.713 -0.726 -0.731 -0.735 -0.738 -0.739
 Mean % Error/% erreur moyenne    7.5    7.1    7.0    6.9    6.8    6.8
