                     Environment and Climate Change Canada
                 Environnement et Changement climatique Canada
                                        
           Short Duration Rainfall Intensity-Duration-Frequency Data
          Données sur l'intensité, la durée et la fréquence des chutes
                            de pluie de courte durée
                                        
                 Gumbel - Method of moments/Méthode des moments
                                        
                                   2022/10/31
                                        
================================================================================
 
 LA RONGE RCS                                           SK        4064149       
                     
 Latitude:  55 9'N     Longitude: 105 16'W   Elevation/Altitude: 378        m
 
 Years/Années :  1966 - 2021          # Years/Années :     49   
 
================================================================================
 
********************************************************************************
 
Table 1 : Annual Maximum (mm)/Maximum annuel (mm)
 
********************************************************************************
 
          Year  5 min 10 min 15 min 30 min    1 h    2 h    6 h   12 h   24 h
         Année
          1966    8.1   13.7   18.0   20.8   24.6   31.5   34.5   34.8   55.1
          1967    3.6    6.1    6.6    7.1    7.9    9.7   13.5   16.3   20.1
          1968    4.3    8.1   11.7   16.8   19.8   21.6   25.1   31.0   36.6
          1969   10.2   12.7   15.7   16.3   17.3   17.3   23.9   32.8   33.0
          1970   13.2   21.1   25.1   35.3   42.2   50.8   60.7   71.4   95.8
          1971    7.4    9.9   12.2   15.0   18.0   18.3   38.1   49.3   58.4
          1972   12.7   16.3   22.4   36.6   37.1   37.1   37.1   38.1   43.7
          1973    6.9    9.9   11.4   14.7   17.0   20.8   37.8   47.0   57.1
          1974    3.8    5.8    7.4    9.4   11.4   12.2   24.1   29.2   41.9
          1975    5.8    6.3    6.6    7.4   11.4   11.4   14.7   16.3   21.8
          1976    3.0    5.1    6.1    6.6    9.1   15.7   31.2   47.8   56.9
          1977   10.4   12.2   13.0   16.3   20.3   26.4   48.0   52.1   52.3
          1978    4.9    6.3    8.3   12.2   13.5   15.8   22.1   28.8   38.9
          1979    8.3    9.5   11.0   13.8   17.8   21.8   36.3   41.6   50.3
          1980    2.8    5.6    6.2    7.0    8.6   15.0   23.8   32.6   43.2
          1981    3.1    3.5    3.6    4.6    6.1   10.0   19.3   20.2   20.8
          1982    2.5    3.9    4.5    5.4    9.3   12.5   22.8   26.9   33.7
          1983    4.4    5.9    6.9    9.0   11.2   13.4   17.8   22.3   26.9
          1984    6.7    9.0    9.4   12.4   16.7   17.0   25.2   36.2   37.4
          1985    4.3    4.7    4.7    6.7   11.3   20.0   29.4   29.4   29.4
          1986    4.2    6.8    8.7    8.7    8.8   12.4   26.1   39.0   45.0
          1987    4.6    5.3    5.8    6.4    8.0    8.3   16.8   28.9   39.5
          1988    5.5    6.7    7.5   10.8   11.5   12.4   16.0   24.8   37.2
          1989    8.0   13.3   15.2   15.6   15.6   15.6   22.0   22.4   28.6
          1990    5.2    8.7    9.5   10.4   15.2   21.7   29.6   30.9   35.5
          1991    9.4   11.4   12.0   12.2   14.0   14.2   26.0   26.2   27.0
          1992    3.2    5.9    6.7   11.8   11.8   11.8   15.9   25.3   35.7
          1993    7.3    8.7    9.1    9.7   10.3   12.6   12.6   15.8   19.2
          1996    7.1    9.9   14.4   21.2   23.3   32.8   35.0   35.0   35.0
          1997    7.2   14.1   19.3   26.3   33.1   36.4   52.8   57.4   63.1
          2000    6.5    8.8    8.8    8.8   10.1   14.9   29.7   30.7   36.1
          2001    3.1    5.5    6.7   10.5   13.9   20.1   36.0   44.1   44.7
          2002    7.5    9.8   13.7   15.4   16.8   17.4   26.6   39.7   40.4
          2005   10.6   14.8   22.0   28.6   44.6   51.6   54.2   56.4   68.8
          2006    6.4    7.2    7.2    7.6   10.8   14.0   21.6   35.6   52.0
          2007    6.2    7.8    8.0    8.6    8.6   10.0   18.0   23.0   24.0
          2008   14.2   17.4   20.8   22.0   24.6   24.6   29.0   30.8   36.6
          2009    5.8    8.4   11.8   16.6   18.2   21.4   28.6   40.4   48.0
          2010    7.4   10.2   12.4   14.4   16.4   19.2   32.8   46.8   55.6
          2011    7.6   10.4   12.6   15.2   16.8   20.2   31.2   52.2   65.8
          2012    5.6    8.8   12.6   20.8   25.8   28.0   33.8   38.2   38.4
          2013    5.0    8.8   10.4   12.2   12.4   12.4   21.2   26.8   31.6
          2014    8.0    9.2    9.4   10.2   10.6   13.6   18.8   19.4   21.2
          2016    6.4    9.4    9.6   11.0   12.4   15.8   16.2   16.4   17.2
          2017    6.4    8.8   10.2   10.8   13.2   15.6   25.2   39.4   44.2
          2018    5.4    8.0    8.6   12.2   16.8   29.6   47.2   58.8   66.4
          2019    8.6   12.2   13.6   16.0   17.2   19.4   21.0   26.2   30.6
          2020    6.8    6.8    7.0    9.2   12.2   15.8   28.0   42.8   50.0
          2021    6.2    8.8   11.2   15.4   17.8   18.4   30.4   34.4   39.8
        ---------------------------------------------------------------------
        # Yrs.     49     49     49     49     49     49     49     49     49
        Années
          Mean    6.6    9.1   10.9   13.7   16.4   19.6   28.3   34.9   41.4
       Moyenne
     Std. Dev.    2.7    3.6    4.9    7.0    8.4    9.5   10.8   12.4   15.4
    Écart-type
         Skew.   0.89   1.12   1.11   1.58   1.82   1.82   1.07   0.67   0.97
   Dissymétrie
      Kurtosis   4.02   4.76   4.08   5.92   6.58   6.70   4.26   3.45   4.98
 
          *-99.9 Indicates Missing Data/Données manquantes
 
 Warning: annual maximum amount greater than 100-yr return period amount
 Avertissement : la quantité maximale annuelle excède la quantité
                 pour une période de retour de 100 ans
          Year/Année      Duration/Durée        Data/Données          100-yr/ans
                1970              10 min                21.1                20.4
                1970               2 h                  50.8                49.2
                1970              24 h                  95.8                89.8
                1972              30 min                36.6                35.6
                2005               1 h                  44.6                42.7
                2005               2 h                  51.6                49.2
 
********************************************************************************
 
Table 2a : Return Period Rainfall Amounts (mm)
           Quantité de pluie (mm) par période de retour
 
********************************************************************************
 
 Duration/Durée        2        5       10       25       50      100   #Years
                  yr/ans   yr/ans   yr/ans   yr/ans   yr/ans   yr/ans   Années
          5 min      6.1      8.5     10.1     12.0     13.5     14.9       49
         10 min      8.5     11.7     13.8     16.5     18.4     20.4       49
         15 min     10.1     14.5     17.3     20.9     23.6     26.3       49
         30 min     12.6     18.7     22.8     28.0     31.8     35.6       49
          1 h       15.0     22.4     27.3     33.5     38.1     42.7       49
          2 h       18.0     26.4     31.9     38.9     44.1     49.2       49
          6 h       26.5     36.1     42.4     50.4     56.3     62.2       49
         12 h       32.9     43.9     51.2     60.4     67.2     74.0       49
         24 h       38.9     52.5     61.5     72.9     81.4     89.8       49
 
********************************************************************************
 
Table 2b :
 
 Return Period Rainfall Rates (mm/h) - 95% Confidence limits
 Intensité de la pluie (mm/h) par période de retour - Limites de confiance de 95%
 
********************************************************************************
 
 Duration/Durée        2        5       10       25       50      100   #Years
                  yr/ans   yr/ans   yr/ans   yr/ans   yr/ans   yr/ans   Années
          5 min     73.5    101.9    120.6    144.3    161.9    179.3       49
                +/-  8.2 +/- 13.9 +/- 18.7 +/- 25.3 +/- 30.2 +/- 35.2       49
         10 min     51.3     70.3     82.9     98.8    110.6    122.4       49
                +/-  5.5 +/-  9.3 +/- 12.6 +/- 17.0 +/- 20.3 +/- 23.7       49
         15 min     40.5     57.8     69.3     83.7     94.4    105.1       49
                +/-  5.0 +/-  8.5 +/- 11.4 +/- 15.4 +/- 18.5 +/- 21.5       49
         30 min     25.1     37.5     45.7     56.0     63.6     71.3       49
                +/-  3.6 +/-  6.0 +/-  8.2 +/- 11.0 +/- 13.2 +/- 15.4       49
          1 h       15.0     22.4     27.3     33.5     38.1     42.7       49
                +/-  2.2 +/-  3.6 +/-  4.9 +/-  6.6 +/-  7.9 +/-  9.2       49
          2 h        9.0     13.2     16.0     19.5     22.0     24.6       49
                +/-  1.2 +/-  2.0 +/-  2.8 +/-  3.7 +/-  4.5 +/-  5.2       49
          6 h        4.4      6.0      7.1      8.4      9.4     10.4       49
                +/-  0.5 +/-  0.8 +/-  1.1 +/-  1.4 +/-  1.7 +/-  2.0       49
         12 h        2.7      3.7      4.3      5.0      5.6      6.2       49
                +/-  0.3 +/-  0.4 +/-  0.6 +/-  0.8 +/-  1.0 +/-  1.1       49
         24 h        1.6      2.2      2.6      3.0      3.4      3.7       49
                +/-  0.2 +/-  0.3 +/-  0.4 +/-  0.5 +/-  0.6 +/-  0.7       49
 
********************************************************************************
 
Table 3 : Interpolation Equation / Équation d'interpolation: R = A*T^B
 
R = Interpolated Rainfall rate (mm/h)/Intensité interpolée de la pluie (mm/h)
RR = Rainfall rate (mm/h) / Intensité de la pluie (mm/h)
 T = Rainfall duration (h) / Durée de la pluie (h)
 
********************************************************************************
 
       Statistics/Statistiques      2      5     10     25     50    100
                               yr/ans yr/ans yr/ans yr/ans yr/ans yr/ans
      Mean of RR/Moyenne de RR   24.8   35.0   41.7   50.2   56.6   62.8
    Std. Dev. /Écart-type (RR)   25.3   35.0   41.4   49.5   55.5   61.5
        Std. Error/Erreur-type    3.0    6.0    8.0   10.7   12.6   14.6
               Coefficient (A)   14.8   20.9   24.9   30.0   33.7   37.5
         Exponent/Exposant (B) -0.683 -0.692 -0.696 -0.699 -0.701 -0.702
 Mean % Error/% erreur moyenne    3.7    5.6    6.9    8.1    8.7    9.2
