                     Environment and Climate Change Canada
                 Environnement et Changement climatique Canada
                                        
           Short Duration Rainfall Intensity-Duration-Frequency Data
          Données sur l'intensité, la durée et la fréquence des chutes
                            de pluie de courte durée
                                        
                 Gumbel - Method of moments/Méthode des moments
                                        
                                   2022/10/31
                                        
================================================================================
 
 BROADVIEW                                              SK        4010879       
                     
 Latitude:  50 22'N    Longitude: 102 34'W   Elevation/Altitude: 599        m
 
 Years/Années :  1965 - 2021          # Years/Années :     46   
 
================================================================================
 
********************************************************************************
 
Table 1 : Annual Maximum (mm)/Maximum annuel (mm)
 
********************************************************************************
 
          Year  5 min 10 min 15 min 30 min    1 h    2 h    6 h   12 h   24 h
         Année
          1965   10.7   17.5   21.3   23.6   28.2   34.8   41.4   52.1   71.9
          1966    6.3    8.1   12.2   18.5   20.1   22.1   26.2   26.2   26.2
          1967    8.6   10.4   11.9   12.4   12.4   15.0   20.3   20.3   23.6
          1968    7.4   13.7   15.0   19.0   21.1   21.1   28.4   29.0   29.2
          1969   10.7   16.8   21.8   27.9   29.0   30.7   32.5   32.5   32.5
          1970    3.6    5.1    5.3    7.1    8.6   12.7   15.2   18.8   29.7
          1971    4.8    7.1    8.1    8.6   11.9   14.2   27.4   30.5   30.5
          1972    6.1    8.4    9.1    9.1   12.7   14.7   20.6   24.1   24.6
          1973    7.1   13.0   17.3   22.6   24.6   25.1   26.7   31.0   43.7
          1974    4.3    6.1    6.9   11.4   14.7   23.4   48.3   52.1   54.6
          1975    6.1    7.9    8.4    8.6    8.6   12.2   28.4   46.7   66.8
          1976    6.9    7.6    7.9    7.9    8.1   12.4   30.2   32.5   34.0
          1977    3.8    5.6    8.1   12.2   15.7   16.3   26.9   34.0   40.6
          1978    6.0    7.6   10.4   12.0   18.9   27.3   33.6   33.6   37.6
          1979    5.4    7.1   10.1   14.6   15.9   15.9   16.4   23.6   23.6
          1980    8.2   13.4   13.6   13.6   14.7   14.7   26.6   45.7   61.0
          1981    5.7    6.9    7.1    8.5   10.5   15.0   22.2   25.7   31.2
          1982    6.1    8.5   10.7   12.1   15.2   22.2   36.8   37.0   37.5
          1983    3.6    3.9    5.2    8.7    9.7    9.7   17.0   18.2   28.5
          1984    8.3   12.0   14.7   16.2   21.4   25.5   29.6   29.6   35.4
          1985    5.3    6.1    6.6    8.2   13.6   20.9   36.9   42.8   55.4
          1986    5.1    7.4    7.4    9.5   10.4   17.4   25.2   30.8   38.4
          1987    4.8    7.5    9.7   12.8   14.1   18.9   31.8   37.4   39.6
          1988    8.6   14.0   14.8   16.8   17.4   18.5  -99.9  -99.9   35.8
          1989    5.9   10.4   13.1   21.8   22.0   22.0   31.1   38.9   39.6
          1990    9.8   11.6   13.5   16.4   18.5   20.7   34.3   37.0   37.8
          1991   10.9   15.3   17.4   20.6   38.4   73.9   90.4   90.4   90.4
          1992    5.1    5.9    6.1    6.1    7.5   10.8   21.6   21.6   21.8
          1993    6.8    7.2    7.4    7.4    9.3   13.8   25.4   29.3   40.4
          1994    8.0   12.1   16.1   18.1   19.7   22.6   37.9   47.6   52.4
          2005    3.8    6.0    7.6    9.6   13.8   16.8   30.0   54.2   82.0
          2006    7.8   13.6   14.0   15.2   22.2   22.4   22.4   24.4   42.4
          2007    9.2   16.8   20.8   20.8   20.8   24.0   38.4   41.4   47.0
          2008   11.2   17.2   20.4   21.8   22.6   36.2   37.6   38.2   40.4
          2009    9.8   14.0   16.6   17.6   17.6   22.4   26.6   29.0   44.8
          2010    8.8   13.8   15.2   17.8   20.2   20.4   26.8   35.4   37.2
          2011    8.2   11.4   11.6   17.4   17.8   17.8   25.0   26.4   38.4
          2012    6.2    9.2   10.0   13.2   13.6   13.6   18.2   22.4   26.6
          2013    8.0    8.4    8.4   13.4   15.6   15.6   18.0   27.0   31.6
          2014    5.8    7.6    9.6   12.8   16.8   19.6   35.4   58.0  101.4
          2015    5.6    9.0   10.0   11.4   15.8   15.8   26.4   41.0   54.4
          2016    7.6   13.6   15.4   17.4   17.6   20.8   24.4   27.6   45.2
          2017    2.2    3.2    3.8    6.0   10.0   18.2   38.0   43.8   44.0
          2018    8.2   11.0   15.8   24.0   33.0   33.4   38.0   38.8   44.6
          2019    5.8    7.4   10.6   15.0   18.6   18.6   26.6   29.4   30.0
          2020    5.8    9.8   12.0   19.8   21.0   23.0   23.4   26.4   34.6
          2021    4.6    6.8    8.4    9.6   10.6   13.8   21.6   29.2   44.6
        ---------------------------------------------------------------------
        # Yrs.     47     47     47     47     47     47     46     46     47
        Années
          Mean    6.8    9.9   11.6   14.4   17.0   20.8   29.7   35.0   42.6
       Moyenne
     Std. Dev.    2.1    3.7    4.5    5.4    6.5    9.9   11.7   12.8   17.0
    Écart-type
         Skew.   0.25   0.45   0.54   0.41   1.05   3.53   3.22   1.98   1.71
   Dissymétrie
      Kurtosis   2.67   2.42   2.73   2.55   4.80  20.19  18.58   9.57   6.32
 
          *-99.9 Indicates Missing Data/Données manquantes
 
 Warning: annual maximum amount greater than 100-yr return period amount
 Avertissement : la quantité maximale annuelle excède la quantité
                 pour une période de retour de 100 ans
          Year/Année      Duration/Durée        Data/Données          100-yr/ans
                1991               1 h                  38.4                37.5
                1991               2 h                  73.9                52.0
                1991               6 h                  90.4                66.3
                1991              12 h                  90.4                75.2
                2014              24 h                 101.4                95.9
 
********************************************************************************
 
Table 2a : Return Period Rainfall Amounts (mm)
           Quantité de pluie (mm) par période de retour
 
********************************************************************************
 
 Duration/Durée        2        5       10       25       50      100   #Years
                  yr/ans   yr/ans   yr/ans   yr/ans   yr/ans   yr/ans   Années
          5 min      6.4      8.3      9.6     11.2     12.3     13.5       47
         10 min      9.2     12.5     14.7     17.5     19.5     21.5       47
         15 min     10.9     14.9     17.6     20.9     23.4     25.9       47
         30 min     13.5     18.3     21.4     25.4     28.4     31.4       47
          1 h       16.0     21.7     25.5     30.4     33.9     37.5       47
          2 h       19.2     27.9     33.8     41.1     46.6     52.0       47
          6 h       27.8     38.1     44.9     53.6     60.0     66.3       46
         12 h       32.9     44.3     51.8     61.2     68.3     75.2       46
         24 h       39.8     54.8     64.8     77.3     86.7     95.9       47
 
********************************************************************************
 
Table 2b :
 
 Return Period Rainfall Rates (mm/h) - 95% Confidence limits
 Intensité de la pluie (mm/h) par période de retour - Limites de confiance de 95%
 
********************************************************************************
 
 Duration/Durée        2        5       10       25       50      100   #Years
                  yr/ans   yr/ans   yr/ans   yr/ans   yr/ans   yr/ans   Années
          5 min     77.1     99.9    114.9    134.0    148.1    162.1       47
                +/-  6.8 +/- 11.4 +/- 15.4 +/- 20.7 +/- 24.8 +/- 28.9       47
         10 min     55.4     75.2     88.2    104.7    117.0    129.1       47
                +/-  5.9 +/-  9.9 +/- 13.3 +/- 18.0 +/- 21.5 +/- 25.1       47
         15 min     43.6     59.7     70.3     83.7     93.7    103.5       47
                +/-  4.8 +/-  8.0 +/- 10.8 +/- 14.6 +/- 17.5 +/- 20.4       47
         30 min     26.9     36.5     42.9     50.9     56.8     62.7       47
                +/-  2.8 +/-  4.8 +/-  6.5 +/-  8.7 +/- 10.4 +/- 12.2       47
          1 h       16.0     21.7     25.5     30.4     33.9     37.5       47
                +/-  1.7 +/-  2.9 +/-  3.9 +/-  5.2 +/-  6.3 +/-  7.3       47
          2 h        9.6     14.0     16.9     20.6     23.3     26.0       47
                +/-  1.3 +/-  2.2 +/-  3.0 +/-  4.0 +/-  4.8 +/-  5.6       47
          6 h        4.6      6.4      7.5      8.9     10.0     11.1       46
                +/-  0.5 +/-  0.9 +/-  1.2 +/-  1.6 +/-  1.9 +/-  2.2       46
         12 h        2.7      3.7      4.3      5.1      5.7      6.3       46
                +/-  0.3 +/-  0.5 +/-  0.6 +/-  0.9 +/-  1.0 +/-  1.2       46
         24 h        1.7      2.3      2.7      3.2      3.6      4.0       47
                +/-  0.2 +/-  0.3 +/-  0.4 +/-  0.6 +/-  0.7 +/-  0.8       47
 
********************************************************************************
 
Table 3 : Interpolation Equation / Équation d'interpolation: R = A*T^B
 
R = Interpolated Rainfall rate (mm/h)/Intensité interpolée de la pluie (mm/h)
RR = Rainfall rate (mm/h) / Intensité de la pluie (mm/h)
 T = Rainfall duration (h) / Durée de la pluie (h)
 
********************************************************************************
 
       Statistics/Statistiques      2      5     10     25     50    100
                               yr/ans yr/ans yr/ans yr/ans yr/ans yr/ans
      Mean of RR/Moyenne de RR   26.4   35.5   41.5   49.1   54.7   60.3
    Std. Dev. /Écart-type (RR)   26.8   35.2   40.8   47.9   53.1   58.3
        Std. Error/Erreur-type    4.1    7.0    8.9   11.2   13.0   14.7
               Coefficient (A)   15.6   21.3   25.1   29.8   33.3   36.8
         Exponent/Exposant (B) -0.693 -0.687 -0.684 -0.682 -0.681 -0.680
 Mean % Error/% erreur moyenne    4.4    5.9    6.6    7.2    7.6    7.9
