                     Environment and Climate Change Canada
                 Environnement et Changement climatique Canada
                                        
           Short Duration Rainfall Intensity-Duration-Frequency Data
          Données sur l'intensité, la durée et la fréquence des chutes
                            de pluie de courte durée
                                        
                 Gumbel - Method of moments/Méthode des moments
                                        
                                   2022/10/31
                                        
================================================================================
 
 REGINA RCS                                             SK        4016699       
                     
 Latitude:  50 26'N    Longitude: 104 40'W   Elevation/Altitude: 577        m
 
 Years/Années :  1941 - 2021          # Years/Années :     66   
 
================================================================================
 
********************************************************************************
 
Table 1 : Annual Maximum (mm)/Maximum annuel (mm)
 
********************************************************************************
 
          Year  5 min 10 min 15 min 30 min    1 h    2 h    6 h   12 h   24 h
         Année
          1941   13.2   17.8   18.5   22.6   32.3   43.7   48.5   64.5   74.2
          1942    8.1   15.0   16.3   20.3   22.1   32.3   46.2   78.7   78.7
          1943    5.3    9.9   12.7   13.5   13.5   13.5   13.5   17.3   17.3
          1944    6.3   11.4   14.0   20.3   25.4   39.9   44.4   45.2   45.5
          1945   31.2   43.2   56.9   75.4   76.2   76.2   77.0   83.3   96.3
          1946   11.9   18.0   20.8   30.2   37.8   39.1   39.9   39.9   39.9
          1947    7.9   10.2   13.2   17.5   17.5   21.6   24.1   32.3   36.8
          1948    9.7   19.0   21.6   26.9   27.7   30.7   30.7   30.7   30.7
          1949    5.1    9.4   11.2   20.3   33.5   36.1   39.4   39.4   39.4
          1950    6.3   10.2   12.7   18.5   23.1   24.4   31.5   35.6   35.6
          1951    3.6    4.8    6.9    7.4    8.4   15.7   23.4   26.7   29.0
          1952    4.3    8.1    8.6    8.9    9.7   17.5   34.8   45.0   49.8
          1954   10.7   17.5   21.6   32.5   33.8   36.6   54.9   56.6   59.9
          1955    7.4    8.9   10.2   16.8   16.8   25.4   25.9   25.9   33.5
          1956    8.9   12.2   17.0   25.9   31.2   36.6   60.2   82.0   88.6
          1957    3.3    6.1    8.4   10.2   10.7   10.7   11.4   11.7   12.2
          1958    4.1    6.6    8.1   12.2   13.5   15.0   20.8   37.6   42.4
          1959    5.8    7.1    9.7   13.5   14.5   18.3   40.6   54.4   62.7
          1960    7.6   11.7   13.2   15.2   18.5   20.3   21.6   32.0   39.6
          1961    3.8    6.6    8.4   11.7   20.3   21.6   24.1   24.6   31.0
          1962    6.9    9.4   10.4   16.3   20.6   20.6   36.1   39.6   39.6
          1963    7.9   13.7   14.5   21.6   25.1   26.2   56.4   59.4   59.4
          1964    5.1    7.9   10.4   16.8   22.4   23.4   29.7   37.6   37.6
          1966    9.4   16.0   19.6   28.2   36.8   38.4   43.4   43.4   43.4
          1967    2.0    3.3    3.8    6.1    9.9   18.0   31.2   31.7   41.9
          1968    4.8    9.1   11.4   12.2   12.2   13.2   22.6   31.0   31.5
          1969    4.8    8.1   10.7   16.8   19.8   21.8   22.6   25.1   25.1
          1970    6.3   10.4   14.2   19.6   24.1   26.4   37.3   39.9   41.9
          1971   13.7   17.8   21.1   23.4   23.4   23.4   23.4   26.4   27.2
          1972   15.7   24.6   24.9   24.9   24.9   26.4   35.1   35.1   41.9
          1973    3.6    6.3    7.1    7.6   10.2   12.7   24.9   25.9   37.3
          1974    6.9    8.1    8.6   10.9   11.7   14.0   24.4   26.9   41.4
          1975    8.1   11.2   17.0   26.7   53.3   87.4  148.8  151.6  153.4
          1976    5.1    9.7   14.7   15.2   20.1   33.5   53.6   66.0   81.0
          1977    5.6    8.6   11.7   20.6   23.6   24.6   27.4   49.5   49.8
          1978   10.6   11.0   11.2   13.0   18.5   19.7   24.5   28.2   32.8
          1979    7.7   10.1   10.3   10.6   10.6   10.6   12.2   13.6   22.4
          1980    4.8    7.7   10.5   14.1   20.2   21.1   21.1   21.5   21.5
          1981   10.0   12.7   15.7   20.5   25.9   31.9   36.0   37.4   43.6
          1982  -99.9  -99.9  -99.9  -99.9   15.9   19.5   33.8   44.7   47.5
          1983    7.7   13.8   19.0   35.1   49.3   53.6   73.1   73.1   73.7
          1984    4.1    4.5    4.7    5.6    8.0    9.6   14.7   18.8   23.2
          1985    2.8    5.6    7.0   11.8   12.3   14.6   29.8   35.3   35.6
          1986    3.9    7.0    8.6    9.4   13.3   15.8   33.2   43.9   53.4
          1987    6.0   10.3   13.4   16.9   20.7   23.8   31.5   39.3   44.0
          1988    4.9    9.1   11.8   16.4   20.3   23.2   24.8   31.0   31.2
          1989    7.5    9.2   10.5   13.4   14.3   26.3   30.9   33.1   38.6
          1990    6.1    8.9    9.9   11.1   13.2   18.4   25.7   27.8   27.8
          1991    8.6   13.0   19.4   29.4   44.7   45.0   45.2   54.8   63.2
          1992    5.4    6.0    6.6    6.8    8.1   11.5   23.0   23.8   25.5
          1993    6.2    8.3   10.0   15.6   17.9   35.0   46.5   54.9   59.7
          1994    6.6    9.8   14.2   24.3   31.8   32.8   33.0   34.4   34.8
          1995   16.5   19.6   21.2   22.2   23.0   23.0   35.2   45.0   47.2
          2007    5.4    8.8   11.2   12.8   13.2   13.2   20.0   23.8   24.8
          2008    7.0    9.8   11.4   12.2   12.4   13.0   20.4   23.0   33.0
          2009    2.4    3.8    4.2    5.2    8.6   10.2   25.8   31.4   32.2
          2010    8.4   11.8   14.0   16.8   17.0   22.4   30.6   35.6   37.0
          2011    6.8   11.2   15.6   19.8   20.0   20.2   32.2   35.4   50.2
          2012    5.0    6.8    7.8    9.4    9.6   11.4   18.2   26.6   26.8
          2013    4.6    7.2    7.2    9.2   15.4   18.2   18.8   27.4   29.8
          2014    9.4   16.6   22.0   27.8   28.8   29.2   38.2   49.6   62.4
          2016    5.8    9.6   10.4   12.4   21.8   24.2   26.0   26.0   26.0
          2017    3.0    4.0    5.0    6.8    9.2   10.6   16.8   17.8   17.8
          2018    7.2    8.2    8.2    9.2   12.8   16.4   24.2   25.8   35.6
          2019    8.2   12.2   16.2   25.8   32.4   34.0   34.0   35.0   36.8
          2020    6.8   12.2   16.4   19.4   19.6   22.4   23.2   23.2   23.4
          2021   10.6   13.6   13.6   13.8   17.4   27.4   43.2   57.2   58.4
        ---------------------------------------------------------------------
        # Yrs.     66     66     66     66     67     67     67     67     67
        Années
          Mean    7.3   10.9   13.3   17.6   21.4   25.3   34.0   39.6   43.5
       Moyenne
     Std. Dev.    4.2    5.8    7.3   10.1   11.9   13.9   19.4   21.1   22.0
    Écart-type
         Skew.   3.16   2.94   3.37   2.98   2.05   2.24   3.50   2.66   2.34
   Dissymétrie
      Kurtosis  18.32  16.82  21.50  18.20   9.30  10.24  21.04  14.16  11.63
 
          *-99.9 Indicates Missing Data/Données manquantes
 
 Warning: annual maximum amount greater than 100-yr return period amount
 Avertissement : la quantité maximale annuelle excède la quantité
                 pour une période de retour de 100 ans
          Year/Année      Duration/Durée        Data/Données          100-yr/ans
                1945               5 min                31.2                20.5
                1945              10 min                43.2                29.2
                1945              15 min                56.9                36.2
                1945              30 min                75.4                49.4
                1945               1 h                  76.2                58.8
                1945               2 h                  76.2                68.8
                1975               2 h                  87.4                68.8
                1975               6 h                 148.8                94.8
                1975              12 h                 151.6               105.8
                1975              24 h                 153.4               112.6
 
********************************************************************************
 
Table 2a : Return Period Rainfall Amounts (mm)
           Quantité de pluie (mm) par période de retour
 
********************************************************************************
 
 Duration/Durée        2        5       10       25       50      100   #Years
                  yr/ans   yr/ans   yr/ans   yr/ans   yr/ans   yr/ans   Années
          5 min      6.6     10.3     12.8     15.9     18.2     20.5       66
         10 min     10.0     15.1     18.5     22.8     26.0     29.2       66
         15 min     12.1     18.6     22.8     28.2     32.3     36.2       66
         30 min     16.0     24.9     30.8     38.3     43.9     49.4       66
          1 h       19.4     29.9     36.9     45.7     52.3     58.8       67
          2 h       23.0     35.3     43.4     53.6     61.3     68.8       67
          6 h       30.8     47.9     59.3     73.6     84.2     94.8       67
         12 h       36.1     54.8     67.1     82.7     94.3    105.8       67
         24 h       39.9     59.4     72.2     88.5    100.6    112.6       67
 
********************************************************************************
 
Table 2b :
 
 Return Period Rainfall Rates (mm/h) - 95% Confidence limits
 Intensité de la pluie (mm/h) par période de retour - Limites de confiance de 95%
 
********************************************************************************
 
 Duration/Durée        2        5       10       25       50      100   #Years
                  yr/ans   yr/ans   yr/ans   yr/ans   yr/ans   yr/ans   Années
          5 min     79.0    123.7    153.3    190.7    218.4    245.9       66
                +/- 11.2 +/- 18.9 +/- 25.5 +/- 34.3 +/- 41.1 +/- 47.9       66
         10 min     59.7     90.6    111.0    136.8    156.0    175.0       66
                +/-  7.7 +/- 13.0 +/- 17.6 +/- 23.7 +/- 28.4 +/- 33.0       66
         15 min     48.4     74.2     91.3    113.0    129.0    145.0       66
                +/-  6.5 +/- 10.9 +/- 14.7 +/- 19.9 +/- 23.8 +/- 27.7       66
         30 min     31.9     49.8     61.7     76.7     87.8     98.8       66
                +/-  4.5 +/-  7.6 +/- 10.2 +/- 13.8 +/- 16.5 +/- 19.2       66
          1 h       19.4     29.9     36.9     45.7     52.3     58.8       67
                +/-  2.6 +/-  4.4 +/-  6.0 +/-  8.0 +/-  9.6 +/- 11.2       67
          2 h       11.5     17.6     21.7     26.8     30.6     34.4       67
                +/-  1.5 +/-  2.6 +/-  3.5 +/-  4.7 +/-  5.6 +/-  6.5       67
          6 h        5.1      8.0      9.9     12.3     14.0     15.8       67
                +/-  0.7 +/-  1.2 +/-  1.6 +/-  2.2 +/-  2.6 +/-  3.0       67
         12 h        3.0      4.6      5.6      6.9      7.9      8.8       67
                +/-  0.4 +/-  0.7 +/-  0.9 +/-  1.2 +/-  1.4 +/-  1.7       67
         24 h        1.7      2.5      3.0      3.7      4.2      4.7       67
                +/-  0.2 +/-  0.3 +/-  0.5 +/-  0.6 +/-  0.7 +/-  0.9       67
 
********************************************************************************
 
Table 3 : Interpolation Equation / Équation d'interpolation: R = A*T^B
 
R = Interpolated Rainfall rate (mm/h)/Intensité interpolée de la pluie (mm/h)
RR = Rainfall rate (mm/h) / Intensité de la pluie (mm/h)
 T = Rainfall duration (h) / Durée de la pluie (h)
 
********************************************************************************
 
       Statistics/Statistiques      2      5     10     25     50    100
                               yr/ans yr/ans yr/ans yr/ans yr/ans yr/ans
      Mean of RR/Moyenne de RR   28.9   44.6   54.9   68.1   77.8   87.5
    Std. Dev. /Écart-type (RR)   27.9   43.2   53.4   66.2   75.7   85.2
        Std. Error/Erreur-type    7.5   11.3   13.9   17.2   19.6   22.0
               Coefficient (A)   17.4   26.7   32.9   40.7   46.5   52.2
         Exponent/Exposant (B) -0.696 -0.701 -0.702 -0.704 -0.704 -0.705
 Mean % Error/% erreur moyenne    8.8    9.5    9.8   10.0   10.1   10.2
