                     Environment and Climate Change Canada
                 Environnement et Changement climatique Canada
                                        
           Short Duration Rainfall Intensity-Duration-Frequency Data
          Données sur l'intensité, la durée et la fréquence des chutes
                            de pluie de courte durée
                                        
                 Gumbel - Method of moments/Méthode des moments
                                        
                                   2021/03/26
                                        
================================================================================
 
 LA POCATIERE                                           QC        7054096       
                     
 Latitude:  47 22'N    Longitude: 70 2'W     Elevation/Altitude: 31         m
 
 Years/Années :  1962 - 2017          # Years/Années :     49   
 
================================================================================
 
********************************************************************************
 
Table 1 : Annual Maximum (mm)/Maximum annuel (mm)
 
********************************************************************************
 
          Year  5 min 10 min 15 min 30 min    1 h    2 h    6 h   12 h   24 h
         Année
          1962    3.8    6.6    9.4   16.5   25.7   35.1   42.4   42.4   61.2
          1963    8.4   11.7   17.5   25.7   30.2   31.5   33.5   33.5   49.3
          1964   11.4   15.2   22.9   27.9   36.1   38.6   42.7   61.0   65.0
          1965    4.1    5.3    6.1    6.6   10.2   14.0   17.8   23.1   23.9
          1966    4.8    6.9    8.9    9.4   17.8   29.2   33.8   35.1   36.1
          1967   14.2   18.8   21.3   27.4   40.6   50.3   67.3   67.3   69.3
          1968    6.1    9.7   12.2   14.0   17.0   18.3   23.1   31.2   36.6
          1969    7.9    7.9    8.1   14.0   20.1   28.2   35.6   36.6   46.7
          1970    8.9   15.5   17.8   21.1   22.4   23.6   48.3   53.3   53.3
          1971    7.1    9.1   10.7   13.5   19.0   30.2   59.9   71.1   76.5
          1972    6.9    9.1    9.4   14.0   17.5   25.9   28.2   32.8   38.9
          1973    7.9    7.9    7.9   13.0   14.7   16.5   18.0   27.2   32.0
          1974   11.4   15.2   18.0   20.3   20.3   21.6   22.9   34.3   37.6
          1975    4.8    7.4    8.1   10.4   11.2   18.5   25.1   27.4   31.7
          1976    5.8    7.9   10.2   12.2   12.2   15.5   26.7   41.4   54.9
          1977    7.1    9.4   10.2   15.2   17.5   20.3   26.4   41.7   48.3
          1978    7.0    8.2    8.2    9.9   11.9   15.9   25.9   37.1   39.8
          1979    4.6    6.8    8.7   10.4   14.3   18.6   44.1   53.0   53.0
          1980    9.0   10.2   10.4   12.6   17.2   18.8   30.6   48.2   49.8
          1981    7.0   10.0   11.1   12.0   14.2   22.7   48.8   78.5  122.9
          1982    6.1    6.7    7.3    7.7    9.5   12.8   20.4   21.8   22.4
          1983    2.9    3.9    5.2    8.2   11.1   16.7   23.7   34.6   47.7
          1984    5.0    7.7    9.7   16.8   22.2   22.4   22.4   23.4   31.8
          1985  -99.9  -99.9  -99.9  -99.9   44.8   64.2   85.4   90.8   91.0
          1986    3.1    5.5    6.1    9.0   12.2   17.2   33.8   47.6   51.4
          1987    4.5    8.0   11.7   19.2   20.7   21.2   21.2   27.2   48.6
          1988    8.9   12.3   13.0   13.5   13.7   13.7   22.3   29.0   33.5
          1989    3.9    5.6    6.9    8.9   11.3   12.0  -99.9  -99.9   34.6
          1990    5.6    8.2   11.3   15.6   17.8   19.0   28.6   40.0   40.4
          1991    3.5    5.2    7.4    8.7    9.7   13.3   26.7   38.7   45.7
          1993    7.1   11.0   13.2   15.2   15.2   15.9   20.9   30.8   35.6
          1995    9.3   12.9   18.1   19.2   19.2   19.7   23.1  -99.9   35.8
          1997    5.8    8.4    8.4    8.8    9.2   12.6   24.4   36.4   43.4
          1999    5.4    9.4   13.6   22.4   25.6   26.0   35.2   35.4   41.6
          2000    7.8    7.8    7.8    7.8   13.0   22.6   33.0   42.6   53.4
          2001    9.8   12.0   12.4   13.0   13.6   16.6   23.0   34.2   35.8
          2002    3.8    5.6    7.0   10.6   13.2   17.2   28.2   31.6   48.4
          2003    5.2    7.6    8.6    8.6   11.6   13.6   28.6   45.8   50.0
          2004    6.8    9.6   11.6   16.2   21.6   27.4   34.2   45.6   59.8
          2005   16.2   20.4   20.4   20.4   20.4   20.6   48.0   58.8   67.4
          2006    7.4   11.8   12.2   18.2   19.6   19.6   43.8   59.4   68.2
          2007    7.4   10.2   12.8   24.2   41.6   60.2   63.0   91.2   98.6
          2008    5.4    6.4    7.2    8.0    9.8   13.8   21.8   35.8   62.6
          2009    8.6   10.6   11.2   11.6   14.8   17.8   23.4   30.8   41.0
          2010    7.8   10.0   10.2   11.6   13.6   15.6   22.0   27.0   35.6
          2011    8.6   14.0   17.2   24.0   24.2   24.4   39.0   63.6   71.2
          2013    7.0   11.4   13.2   14.4   17.6   21.8   22.8   28.6   38.8
          2014    5.0    6.8    8.0   10.8   11.2   13.8   17.4   23.6   26.4
          2015    7.2   11.4   13.4   13.6   20.6   27.6   28.8   29.0   30.6
          2016    4.6    6.0    7.8    9.4   12.0   18.4   28.8   34.2   56.2
          2017    7.4    9.8   10.6   12.2   15.2   19.8   26.6   32.6   42.4
        ---------------------------------------------------------------------
        # Yrs.     50     50     50     50     51     51     50     49     51
        Années
          Mean    6.9    9.5   11.2   14.3   18.2   22.6   32.4   41.8   49.3
       Moyenne
     Std. Dev.    2.6    3.4    4.2    5.5    8.2   10.9   13.9   16.7   19.1
    Écart-type
         Skew.   1.26   1.14   1.10   0.88   1.70   2.35   1.83   1.43   1.66
   Dissymétrie
      Kurtosis   5.73   4.68   3.82   3.16   5.97   9.18   6.85   4.80   6.95
 
          *-99.9 Indicates Missing Data/Données manquantes
 
 Warning: annual maximum amount greater than 100-yr return period amount
 Avertissement : la quantité maximale annuelle excède la quantité
                 pour une période de retour de 100 ans
          Year/Année      Duration/Durée        Data/Données          100-yr/ans
                1981              24 h                 122.9               109.1
                1985               1 h                  44.8                44.0
                1985               2 h                  64.2                56.7
                1985               6 h                  85.4                76.1
                2005               5 min                16.2                15.2
                2005              10 min                20.4                20.3
                2007               2 h                  60.2                56.7
 
********************************************************************************
 
Table 2a : Return Period Rainfall Amounts (mm)
           Quantité de pluie (mm) par période de retour
 
********************************************************************************
 
 Duration/Durée        2        5       10       25       50      100   #Years
                  yr/ans   yr/ans   yr/ans   yr/ans   yr/ans   yr/ans   Années
          5 min      6.5      8.8     10.4     12.3     13.8     15.2       50
         10 min      8.9     12.0     14.0     16.5     18.4     20.3       50
         15 min     10.5     14.2     16.6     19.7     22.0     24.2       50
         30 min     13.4     18.2     21.4     25.5     28.5     31.5       50
          1 h       16.8     24.1     28.9     35.0     39.5     44.0       51
          2 h       20.8     30.4     36.7     44.8     50.7     56.7       51
          6 h       30.1     42.4     50.6     60.9     68.5     76.1       50
         12 h       39.0     53.8     63.6     75.9     85.1     94.2       49
         24 h       46.2     63.1     74.2     88.3     98.7    109.1       51
 
********************************************************************************
 
Table 2b :
 
 Return Period Rainfall Rates (mm/h) - 95% Confidence limits
 Intensité de la pluie (mm/h) par période de retour - Limites de confiance de 95%
 
********************************************************************************
 
 Duration/Durée        2        5       10       25       50      100   #Years
                  yr/ans   yr/ans   yr/ans   yr/ans   yr/ans   yr/ans   Années
          5 min     77.7    105.7    124.3    147.7    165.1    182.4       50
                +/-  8.1 +/- 13.6 +/- 18.4 +/- 24.8 +/- 29.6 +/- 34.5       50
         10 min     53.6     71.8     83.9     99.1    110.4    121.6       50
                +/-  5.2 +/-  8.8 +/- 11.9 +/- 16.1 +/- 19.2 +/- 22.4       50
         15 min     42.1     56.8     66.5     78.8     87.9     97.0       50
                +/-  4.2 +/-  7.1 +/-  9.6 +/- 13.0 +/- 15.5 +/- 18.1       50
         30 min     26.8     36.5     42.9     51.0     57.0     63.0       50
                +/-  2.8 +/-  4.7 +/-  6.4 +/-  8.6 +/- 10.3 +/- 12.0       50
          1 h       16.8     24.1     28.9     35.0     39.5     44.0       51
                +/-  2.1 +/-  3.5 +/-  4.7 +/-  6.4 +/-  7.6 +/-  8.9       51
          2 h       10.4     15.2     18.4     22.4     25.4     28.3       51
                +/-  1.4 +/-  2.3 +/-  3.1 +/-  4.2 +/-  5.0 +/-  5.9       51
          6 h        5.0      7.1      8.4     10.1     11.4     12.7       50
                +/-  0.6 +/-  1.0 +/-  1.3 +/-  1.8 +/-  2.2 +/-  2.5       50
         12 h        3.3      4.5      5.3      6.3      7.1      7.8       49
                +/-  0.4 +/-  0.6 +/-  0.8 +/-  1.1 +/-  1.3 +/-  1.5       49
         24 h        1.9      2.6      3.1      3.7      4.1      4.5       51
                +/-  0.2 +/-  0.3 +/-  0.5 +/-  0.6 +/-  0.7 +/-  0.9       51
 
********************************************************************************
 
Table 3 : Interpolation Equation / Équation d'interpolation: R = A*T^B
 
R = Interpolated Rainfall rate (mm/h)/Intensité interpolée de la pluie (mm/h)
RR = Rainfall rate (mm/h) / Intensité de la pluie (mm/h)
 T = Rainfall duration (h) / Durée de la pluie (h)
 
********************************************************************************
 
       Statistics/Statistiques      2      5     10     25     50    100
                               yr/ans yr/ans yr/ans yr/ans yr/ans yr/ans
      Mean of RR/Moyenne de RR   26.4   36.0   42.4   50.5   56.4   62.4
    Std. Dev. /Écart-type (RR)   26.4   35.5   41.6   49.3   55.0   60.6
        Std. Error/Erreur-type    2.5    3.4    4.2    5.1    5.8    6.5
               Coefficient (A)   16.4   22.6   26.7   32.0   35.8   39.7
         Exponent/Exposant (B) -0.658 -0.653 -0.651 -0.649 -0.648 -0.647
 Mean % Error/% erreur moyenne    2.8    3.8    4.4    4.9    5.2    5.5
