                     Environment and Climate Change Canada
                 Environnement et Changement climatique Canada
                                        
           Short Duration Rainfall Intensity-Duration-Frequency Data
          Données sur l'intensité, la durée et la fréquence des chutes
                            de pluie de courte durée
                                        
                 Gumbel - Method of moments/Méthode des moments
                                        
                                   2021/03/26
                                        
================================================================================
 
 MONTREAL PIERRE ELLIOTT TRUDEAU INTL                   QC        702S006       
                     
 Latitude:  45 28'N    Longitude: 73 44'W    Elevation/Altitude: 32         m
 
 Years/Années :  1943 - 2017          # Years/Années :     72   
 
================================================================================
 
********************************************************************************
 
Table 1 : Annual Maximum (mm)/Maximum annuel (mm)
 
********************************************************************************
 
          Year  5 min 10 min 15 min 30 min    1 h    2 h    6 h   12 h   24 h
         Année
          1943   11.7   14.2   17.8   20.8   23.6   26.7   33.5   48.3   64.3
          1944    8.6   10.4   10.7   11.9   11.9   15.5   21.8   23.6   26.2
          1945   15.5   15.7   16.3   17.5   18.8   26.2   30.0   48.8   52.8
          1946   10.9   12.2   12.4   12.7   13.0   17.5   27.9   47.0   57.1
          1947    6.3    8.1   11.2   11.9   19.8   21.3   28.7   28.7   40.9
          1948    8.1   11.4   17.0   18.3   19.8   19.8   23.9   28.2   41.1
          1949    9.1   11.9   14.7   18.3   24.9   29.7   30.5   37.6   37.6
          1950    8.9   11.9   13.2   18.0   22.9   24.6   28.7   48.3   59.9
          1951    8.1    8.6    9.1   12.7   21.6   26.7   34.3   36.6   55.6
          1952   12.4   17.5   19.3   34.0   39.6   39.9   52.1   68.8   68.8
          1953    8.1    8.9    9.1   11.2   17.5   25.4   31.0   34.5   39.6
          1954    5.8    7.9    8.1   10.9   17.0   22.4   44.4   54.4   57.7
          1955   11.7   15.5   16.8   16.8   17.8   18.5   21.1   35.1   35.3
          1956    8.6    9.1   13.5   16.8   30.5   37.3   42.2   44.7   44.7
          1957   10.2   17.8   23.4   26.7   26.7   27.9   35.1   38.9   41.4
          1958    7.1   12.2   16.5   17.3   17.8   30.5   53.8   71.4   72.4
          1959    7.1   11.7   13.7   18.8   27.7   32.5   37.1   53.3   54.9
          1960    5.6    9.7   12.7   19.3   27.2   31.5   32.0   36.8   47.5
          1961    7.1    9.4   11.7   16.0   18.3   20.1   27.7   44.7   49.8
          1962   15.2   18.0   20.6   24.9   27.7   28.7   29.5   41.1   58.2
          1963   13.2   22.9   30.5   35.3   40.4   42.2   58.4   70.1   70.1
          1964    6.9   10.2   11.2   17.3   20.1   24.6   24.6   37.6   41.1
          1965   10.7   14.5   15.5   17.3   19.8   22.4   33.0   47.8   50.8
          1966   12.7   19.3   26.9   36.8   39.9   45.5   48.0   49.3   54.9
          1967    9.7   16.8   20.8   25.9   25.9   25.9   25.9   32.5   48.3
          1968    6.1   11.9   15.0   22.1   23.1   23.1   23.4   31.5   38.6
          1969    8.6   13.7   19.8   37.1   48.5   48.5   48.5   48.5   57.9
          1970   11.2   20.6   25.1   35.8   39.1   51.6   51.6   51.6   52.6
          1971    6.3    9.1   10.9   12.4   14.0   16.5   27.7   31.2   31.5
          1972    9.9   10.9   11.2   11.9   15.2   22.9   29.7   30.0   38.9
          1973   10.4   14.7   20.8   27.9   36.6   45.7   45.7   45.7   45.7
          1974   11.4   13.0   17.3   23.6   24.4   27.7   30.0   33.5   45.2
          1975    9.4   14.2   17.8   27.2   41.9   45.0   45.7   77.5   94.2
          1976    7.9    9.4   11.7   15.7   17.8   23.4   26.9   36.3   38.4
          1977    6.1    8.9   10.4   13.7   14.7   23.1   38.6   39.1   39.1
          1978    7.2    9.4   10.2   11.4   12.2   17.3   27.0   28.7   34.3
          1979    4.7    5.4    6.3    9.4   17.1   25.7   56.6   79.9   81.9
          1980    9.4   14.8   15.4   16.4   19.1   31.7   41.5   42.4   70.1
          1981    7.3   12.9   16.8   25.4   30.2   31.4   31.7   34.5   45.4
          1982    3.9    7.3   10.0   16.4   20.1   21.9   35.4   36.5   36.7
          1983    6.0   12.0   14.0   18.0   22.0   24.0   27.5   31.0   36.9
          1984    6.5    9.0   11.3   18.4   21.2   26.6   49.3   53.6   53.8
          1985    4.7    6.0    7.1    8.1    9.9   16.3   38.8   44.7   48.8
          1986    7.5   12.5   17.2   20.7   20.8   23.2   32.6   33.4   41.9
          1987   15.9   23.3   27.0   35.2   44.0   47.6   56.8   57.4   72.9
          1988   11.9   18.2   21.2   21.2   24.7   28.4   28.8   33.7   37.6
          1989    6.5   12.7   18.8   27.7   35.0   35.0   38.4   41.6   65.2
          1990   10.2   12.2   12.6   12.8   14.8   20.8   37.0   40.8   41.8
          1991    6.1   10.2   13.8   23.0   26.2   26.6   34.6   39.7   41.1
          1992    7.5   11.6   12.5   13.1   18.2   25.2   30.0   39.1   39.8
          1993    7.0   10.9   12.8   16.7   17.1   19.1   22.0   32.4   48.1
          1996    6.2   10.0   14.0   17.6   18.6   19.4   39.2   69.6  120.6
          1997    5.2    9.6   11.6   14.8   22.6   28.8   48.4   56.0   64.0
          1998   10.2   11.2   13.4   13.6   16.8   19.0   26.6   30.6   38.4
          1999    9.0   12.0   12.4   12.6   15.6   23.0   32.4   49.4   66.0
          2000    6.4    9.0   11.8   16.0   25.0   28.8   33.2   33.2   35.0
          2001    7.0    8.2    9.2   11.8   19.8   22.2   22.4   32.6   41.0
          2002   14.0   16.2   16.8   17.8   19.6   22.2   29.4   38.8   40.0
          2004    9.2   11.4   14.2   20.6   22.4   30.8   55.2   68.4   83.0
          2005    7.2   12.4   17.8   28.2   31.6   48.2   65.0   77.6   78.4
          2006    7.0   10.2   11.8   15.2   16.4   23.0   34.0   43.6   47.6
          2007    7.2   12.0   13.6   17.8   20.6   32.8   39.8   40.4   40.4
          2008   11.6   20.0   23.6   25.4   26.6   27.4   27.8   38.0   38.0
          2009    7.0   11.8   14.2   23.0   30.4   32.8   33.2   36.8   37.0
          2010    5.0    7.4   10.0   16.2   18.4   30.8   49.8   64.0   70.8
          2011    8.4   12.2   13.4   16.6   19.6   26.4   39.6   48.8   51.0
          2012    9.8   11.0   12.6   16.8   22.2   28.0   33.8   34.6   34.6
          2013    7.2   11.0   14.8   18.4   19.2   19.2   23.2   31.8   35.8
          2014    3.6    5.2    7.4   11.2   16.6   25.4   27.6   38.0   46.2
          2015    7.4   10.2   11.6   17.0   22.6   29.2   32.0   58.0   60.0
          2016    9.8   12.4   12.6   15.0   22.2   36.8   62.0   71.4   71.6
          2017    9.8   16.0   23.4   35.6   35.6   35.6   35.6   35.6   49.0
        ---------------------------------------------------------------------
        # Yrs.     72     72     72     72     72     72     72     72     72
        Années
          Mean    8.6   12.2   14.9   19.3   23.3   28.1   36.1   44.4   51.4
       Moyenne
     Std. Dev.    2.7    3.8    5.0    7.2    8.2    8.5   10.6   13.5   16.4
    Écart-type
         Skew.   0.72   0.87   0.97   1.03   1.13   1.06   0.89   1.05   1.55
   Dissymétrie
      Kurtosis   3.37   3.87   3.93   3.51   3.93   3.74   3.09   3.41   6.62
 
          *-99.9 Indicates Missing Data/Données manquantes
 
 Warning: annual maximum amount greater than 100-yr return period amount
 Avertissement : la quantité maximale annuelle excède la quantité
                 pour une période de retour de 100 ans
          Year/Année      Duration/Durée        Data/Données          100-yr/ans
                1963              15 min                30.5                30.4
                1996              24 h                 120.6               102.7
 
********************************************************************************
 
Table 2a : Return Period Rainfall Amounts (mm)
           Quantité de pluie (mm) par période de retour
 
********************************************************************************
 
 Duration/Durée        2        5       10       25       50      100   #Years
                  yr/ans   yr/ans   yr/ans   yr/ans   yr/ans   yr/ans   Années
          5 min      8.1     10.5     12.1     14.1     15.6     17.0       72
         10 min     11.6     15.0     17.2     20.0     22.1     24.2       72
         15 min     14.0     18.4     21.3     25.0     27.7     30.4       72
         30 min     18.1     24.5     28.7     34.0     37.9     41.8       72
          1 h       22.0     29.3     34.1     40.2     44.7     49.2       72
          2 h       26.7     34.2     39.2     45.4     50.1     54.7       72
          6 h       34.4     43.8     50.0     57.8     63.7     69.4       72
         12 h       42.2     54.2     62.1     72.1     79.5     86.9       72
         24 h       48.7     63.1     72.7     84.8     93.8    102.7       72
 
********************************************************************************
 
Table 2b :
 
 Return Period Rainfall Rates (mm/h) - 95% Confidence limits
 Intensité de la pluie (mm/h) par période de retour - Limites de confiance de 95%
 
********************************************************************************
 
 Duration/Durée        2        5       10       25       50      100   #Years
                  yr/ans   yr/ans   yr/ans   yr/ans   yr/ans   yr/ans   Années
          5 min     97.5    126.2    145.2    169.1    186.9    204.6       72
                +/-  6.9 +/- 11.6 +/- 15.6 +/- 21.1 +/- 25.2 +/- 29.4       72
         10 min     69.6     89.8    103.1    120.0    132.6    145.0       72
                +/-  4.8 +/-  8.2 +/- 11.0 +/- 14.9 +/- 17.8 +/- 20.7       72
         15 min     56.2     73.7     85.4    100.0    110.9    121.8       72
                +/-  4.2 +/-  7.1 +/-  9.6 +/- 12.9 +/- 15.5 +/- 18.0       72
         30 min     36.3     48.9     57.3     67.9     75.8     83.6       72
                +/-  3.0 +/-  5.1 +/-  6.9 +/-  9.3 +/- 11.2 +/- 13.0       72
          1 h       22.0     29.3     34.1     40.2     44.7     49.2       72
                +/-  1.7 +/-  2.9 +/-  4.0 +/-  5.4 +/-  6.4 +/-  7.5       72
          2 h       13.3     17.1     19.6     22.7     25.0     27.4       72
                +/-  0.9 +/-  1.5 +/-  2.0 +/-  2.8 +/-  3.3 +/-  3.8       72
          6 h        5.7      7.3      8.3      9.6     10.6     11.6       72
                +/-  0.4 +/-  0.6 +/-  0.9 +/-  1.2 +/-  1.4 +/-  1.6       72
         12 h        3.5      4.5      5.2      6.0      6.6      7.2       72
                +/-  0.2 +/-  0.4 +/-  0.5 +/-  0.7 +/-  0.9 +/-  1.0       72
         24 h        2.0      2.6      3.0      3.5      3.9      4.3       72
                +/-  0.1 +/-  0.2 +/-  0.3 +/-  0.4 +/-  0.5 +/-  0.6       72
 
********************************************************************************
 
Table 3 : Interpolation Equation / Équation d'interpolation: R = A*T^B
 
R = Interpolated Rainfall rate (mm/h)/Intensité interpolée de la pluie (mm/h)
RR = Rainfall rate (mm/h) / Intensité de la pluie (mm/h)
 T = Rainfall duration (h) / Durée de la pluie (h)
 
********************************************************************************
 
       Statistics/Statistiques      2      5     10     25     50    100
                               yr/ans yr/ans yr/ans yr/ans yr/ans yr/ans
      Mean of RR/Moyenne de RR   34.0   44.4   51.2   59.9   66.4   72.7
    Std. Dev. /Écart-type (RR)   33.8   43.8   50.4   58.7   65.0   71.1
        Std. Error/Erreur-type    6.8    9.8   11.7   14.3   16.1   18.0
               Coefficient (A)   20.3   26.4   30.4   35.6   39.4   43.1
         Exponent/Exposant (B) -0.698 -0.701 -0.702 -0.704 -0.704 -0.705
 Mean % Error/% erreur moyenne    6.7    7.6    8.1    8.5    8.7    8.9
