                     Environment and Climate Change Canada
                 Environnement et Changement climatique Canada
                                        
           Short Duration Rainfall Intensity-Duration-Frequency Data
          Données sur l'intensité, la durée et la fréquence des chutes
                            de pluie de courte durée
                                        
                 Gumbel - Method of moments/Méthode des moments
                                        
                                   2021/03/26
                                        
================================================================================
 
 CHAPAIS                                                QC        7091299       
 (composite)         
 Latitude:  49 49'N    Longitude: 74 59'W    Elevation/Altitude: 381        m
 
 Years/Années :  1964 - 2017          # Years/Années :     48   
 
================================================================================
 
********************************************************************************
 
Table 1 : Annual Maximum (mm)/Maximum annuel (mm)
 
********************************************************************************
 
          Year  5 min 10 min 15 min 30 min    1 h    2 h    6 h   12 h   24 h
         Année
          1964    8.6   11.4   12.2   21.8   37.8   44.2   52.1   53.1   72.9
          1965    7.1    8.9   12.2   18.5   21.1   21.1   29.5   38.1   46.0
          1966    4.6    7.4   10.2   13.7   15.5   17.0   19.0   29.5   49.0
          1967    6.6   12.7   17.3   19.0   19.0   20.3   29.5   34.3   35.6
          1968    5.3    8.1    8.4   12.4   15.5   21.1   22.1   33.3   33.5
          1969   16.8   18.0   18.0   19.6   33.0   33.5   33.5   33.5   41.9
          1970   14.2   19.6   22.1   26.2   27.9   29.5   31.2   31.2   46.7
          1971    8.1   10.4   10.9   11.4   18.5   22.1   30.2   33.0   35.8
          1972    5.6    7.9   11.9   16.0   22.6   32.0   51.1   55.4   55.6
          1973    9.9   10.9   14.7   17.5   20.3   22.1   26.9   33.5   39.4
          1974    5.3    6.9   10.2   15.7   18.3   18.3   21.1   23.1   33.8
          1975    7.1    8.1    9.4   13.7   19.0   21.3   40.9   53.1   55.4
          1976    6.1    6.9    8.4   11.2   13.5   20.3   31.5   37.1   42.4
          1977    6.6    7.4   10.2   12.2   18.5   22.6   26.2   26.2   27.4
          1978    5.6    9.0   12.3   15.2   18.2   22.4   28.1   39.9   51.4
          1979    6.1   10.2   10.9   16.4   31.6   37.5   54.5   60.5   69.3
          1980    6.4    7.1    7.3    9.1   13.8   21.0   27.8   46.7   70.2
          1981    5.6    8.0   10.4   14.5   16.3   17.6   33.8   37.3   47.9
          1982    5.2    6.4    6.9    7.7    8.4    8.6   18.9   24.7   30.2
          1983    7.0   11.1   13.3   21.1   29.6   32.5   34.4   35.5   52.5
          1984    6.1    7.6    9.0   11.3   11.7   12.1   15.0   20.5   29.2
          1985    9.0   12.6   15.2   19.8   22.0   24.2   25.8   39.1   41.4
          1986    7.1   10.9   15.0   23.7   33.5   34.9   42.0   49.7   57.2
          1987    6.7    8.4   10.9   16.2   21.4   26.9   39.1   40.7   49.0
          1988    3.4    5.3    7.5   10.1   12.9   17.5   29.7   42.7   54.8
          1989    7.9   11.3   12.7   13.3   14.8   18.7   31.0   34.2   39.1
          1990   10.3   14.4   15.8   16.7   21.0   30.2   45.7   65.7   91.9
          1991    8.0   14.0   19.0   25.3   29.0   29.0   29.0   29.0   37.8
          1997    7.6   14.2   17.4   20.2   21.4   24.0   30.6   30.6   53.6
          1998    6.4   10.2   12.0   15.8   20.0   28.6   38.0   38.2   52.4
          1999    6.0    9.8   10.6   11.6   17.4   22.6   31.0   34.8   40.2
          2000    4.2    6.2    7.6    8.6   10.6   16.8   24.6   26.0   30.0
          2001    7.6   11.4   16.2   21.6   29.8   31.2   33.0   33.8   40.0
          2003   12.4   19.2   20.8   27.2   29.0   32.6   40.0   45.6   48.6
          2004    8.6   12.0   14.4   20.2   22.8   25.4   55.8   65.4   65.4
          2005    6.6   11.4   13.0   13.8   20.8   27.4   37.4   47.4   57.8
          2006    7.2    9.2   13.4   17.2   17.2   17.2   18.0   21.4   25.4
          2007    8.2   10.2   11.8   19.0   22.2   23.4   37.2   48.4   68.8
          2008    8.4   12.6   13.0   13.2   14.2   14.8   23.8   32.2   48.2
          2009    6.2    8.6    9.6   12.6   15.6   15.8   24.2   24.8   29.6
          2010   16.2   24.4   28.4   30.2   33.2   34.4   36.6   41.4   66.8
          2011    7.4    8.6    9.6   12.8   14.0   18.4   26.6   36.0   43.2
          2012    8.6   11.8   15.0   21.4   26.2   26.2   33.2   44.6   51.0
          2013    9.6   10.4   11.2   13.6   17.4   18.2   28.8   35.8   48.0
          2014    4.6    6.4    7.2   10.2   13.8   16.4   36.6   48.2   50.2
          2015    9.4   18.6   23.2   27.4   29.4   29.4   41.0   46.0   48.8
          2016    5.6    9.0   11.8   15.0   16.8   21.0   27.8   34.2   35.2
          2017    6.0    9.8   12.0   15.2   16.6   22.0   35.2   35.6   35.8
        ---------------------------------------------------------------------
        # Yrs.     48     48     48     48     48     48     48     48     48
        Années
          Mean    7.6   10.7   12.9   16.6   20.7   23.8   32.5   38.6   47.4
       Moyenne
     Std. Dev.    2.7    3.9    4.5    5.3    6.9    7.1    9.2   10.7   13.7
    Écart-type
         Skew.   1.77   1.50   1.32   0.65   0.65   0.53   0.68   0.70   0.84
   Dissymétrie
      Kurtosis   6.81   5.66   5.32   3.08   2.84   3.42   3.63   3.44   4.22
 
          *-99.9 Indicates Missing Data/Données manquantes
 
 Warning: annual maximum amount greater than 100-yr return period amount
 Avertissement : la quantité maximale annuelle excède la quantité
                 pour une période de retour de 100 ans
          Year/Année      Duration/Durée        Data/Données          100-yr/ans
                1969               5 min                16.8                16.2
                1990              24 h                  91.9                90.4
                2010               5 min                16.2                16.2
                2010              10 min                24.4                23.0
                2010              15 min                28.4                26.9
 
********************************************************************************
 
Table 2a : Return Period Rainfall Amounts (mm)
           Quantité de pluie (mm) par période de retour
 
********************************************************************************
 
 Duration/Durée        2        5       10       25       50      100   #Years
                  yr/ans   yr/ans   yr/ans   yr/ans   yr/ans   yr/ans   Années
          5 min      7.1      9.5     11.1     13.2     14.7     16.2       48
         10 min     10.1     13.6     15.8     18.7     20.9     23.0       48
         15 min     12.2     16.1     18.8     22.1     24.5     26.9       48
         30 min     15.7     20.4     23.5     27.4     30.3     33.2       48
          1 h       19.6     25.6     29.6     34.7     38.5     42.2       48
          2 h       22.7     28.9     33.1     38.4     42.3     46.1       48
          6 h       31.0     39.1     44.5     51.3     56.4     61.4       48
         12 h       36.8     46.3     52.5     60.5     66.3     72.2       48
         24 h       45.2     57.3     65.3     75.4     82.9     90.4       48
 
********************************************************************************
 
Table 2b :
 
 Return Period Rainfall Rates (mm/h) - 95% Confidence limits
 Intensité de la pluie (mm/h) par période de retour - Limites de confiance de 95%
 
********************************************************************************
 
 Duration/Durée        2        5       10       25       50      100   #Years
                  yr/ans   yr/ans   yr/ans   yr/ans   yr/ans   yr/ans   Années
          5 min     85.4    114.4    133.7    158.0    176.0    193.9       48
                +/-  8.5 +/- 14.4 +/- 19.4 +/- 26.2 +/- 31.3 +/- 36.5       48
         10 min     60.5     81.3     95.1    112.5    125.4    138.2       48
                +/-  6.1 +/- 10.3 +/- 13.9 +/- 18.8 +/- 22.4 +/- 26.1       48
         15 min     48.8     64.6     75.0     88.2     98.0    107.7       48
                +/-  4.6 +/-  7.8 +/- 10.5 +/- 14.2 +/- 17.0 +/- 19.8       48
         30 min     31.4     40.8     47.0     54.8     60.6     66.4       48
                +/-  2.7 +/-  4.6 +/-  6.3 +/-  8.4 +/- 10.1 +/- 11.8       48
          1 h       19.6     25.6     29.6     34.7     38.5     42.2       48
                +/-  1.8 +/-  3.0 +/-  4.1 +/-  5.5 +/-  6.5 +/-  7.6       48
          2 h       11.3     14.5     16.6     19.2     21.1     23.1       48
                +/-  0.9 +/-  1.6 +/-  2.1 +/-  2.8 +/-  3.4 +/-  3.9       48
          6 h        5.2      6.5      7.4      8.6      9.4     10.2       48
                +/-  0.4 +/-  0.7 +/-  0.9 +/-  1.2 +/-  1.5 +/-  1.7       48
         12 h        3.1      3.9      4.4      5.0      5.5      6.0       48
                +/-  0.2 +/-  0.4 +/-  0.5 +/-  0.7 +/-  0.9 +/-  1.0       48
         24 h        1.9      2.4      2.7      3.1      3.5      3.8       48
                +/-  0.1 +/-  0.2 +/-  0.3 +/-  0.5 +/-  0.5 +/-  0.6       48
 
********************************************************************************
 
Table 3 : Interpolation Equation / Équation d'interpolation: R = A*T^B
 
R = Interpolated Rainfall rate (mm/h)/Intensité interpolée de la pluie (mm/h)
RR = Rainfall rate (mm/h) / Intensité de la pluie (mm/h)
 T = Rainfall duration (h) / Durée de la pluie (h)
 
********************************************************************************
 
       Statistics/Statistiques      2      5     10     25     50    100
                               yr/ans yr/ans yr/ans yr/ans yr/ans yr/ans
      Mean of RR/Moyenne de RR   29.7   39.3   45.7   53.8   59.8   65.7
    Std. Dev. /Écart-type (RR)   29.5   39.6   46.3   54.8   61.1   67.4
        Std. Error/Erreur-type    5.4    7.2    8.4    9.9   11.1   12.2
               Coefficient (A)   17.8   23.2   26.7   31.2   34.5   37.8
         Exponent/Exposant (B) -0.690 -0.703 -0.708 -0.713 -0.716 -0.718
 Mean % Error/% erreur moyenne    5.8    5.6    5.5    5.5    5.5    5.5
