                     Environment and Climate Change Canada
                 Environnement et Changement climatique Canada
                                        
           Short Duration Rainfall Intensity-Duration-Frequency Data
          Données sur l'intensité, la durée et la fréquence des chutes
                            de pluie de courte durée
                                        
                 Gumbel - Method of moments/Méthode des moments
                                        
                                   2021/03/26
                                        
================================================================================
 
 MCTAVISH                                               QC        7024745       
 (composite)         
 Latitude:  45 30'N    Longitude: 73 35'W    Elevation/Altitude: 72         m
 
 Years/Années :  1906 - 2014          # Years/Années :     33   
 
================================================================================
 
********************************************************************************
 
Table 1 : Annual Maximum (mm)/Maximum annuel (mm)
 
********************************************************************************
 
          Year  5 min 10 min 15 min 30 min    1 h    2 h    6 h   12 h   24 h
         Année
          1906    8.9   13.2   14.2  -99.9  -99.9  -99.9  -99.9  -99.9  -99.9
          1907    9.1   10.2   10.9  -99.9  -99.9  -99.9  -99.9  -99.9  -99.9
          1908    4.6    7.1   10.7  -99.9  -99.9  -99.9  -99.9  -99.9  -99.9
          1909    4.1    5.6    7.1  -99.9  -99.9  -99.9  -99.9  -99.9  -99.9
          1910    6.3    9.1   10.7  -99.9  -99.9  -99.9  -99.9  -99.9  -99.9
          1911    8.9   17.5   19.0  -99.9  -99.9  -99.9  -99.9  -99.9  -99.9
          1912    4.1    8.1   10.4  -99.9  -99.9  -99.9  -99.9  -99.9  -99.9
          1913    8.1   11.9   12.4  -99.9  -99.9  -99.9  -99.9  -99.9  -99.9
          1914    6.6   11.7   16.5  -99.9  -99.9  -99.9  -99.9  -99.9  -99.9
          1915    7.6   11.4   11.7  -99.9  -99.9  -99.9  -99.9  -99.9  -99.9
          1916    2.5    3.3    4.3  -99.9  -99.9  -99.9  -99.9  -99.9  -99.9
          1917    9.1   15.7   20.8  -99.9  -99.9  -99.9  -99.9  -99.9  -99.9
          1918    5.8    8.6    9.4  -99.9  -99.9  -99.9  -99.9  -99.9  -99.9
          1919    8.4    9.9   10.2  -99.9  -99.9  -99.9  -99.9  -99.9  -99.9
          1920    7.1   13.7   17.8  -99.9  -99.9  -99.9  -99.9  -99.9  -99.9
          1921    4.8    7.4    8.6  -99.9  -99.9  -99.9  -99.9  -99.9  -99.9
          1922    5.1    7.6    8.6  -99.9  -99.9  -99.9  -99.9  -99.9  -99.9
          1923    4.8    6.6    9.9  -99.9  -99.9  -99.9  -99.9  -99.9  -99.9
          1924    9.9   14.5   18.5  -99.9  -99.9  -99.9  -99.9  -99.9  -99.9
          1925   11.4   16.8   24.1  -99.9  -99.9  -99.9  -99.9  -99.9  -99.9
          1926    6.6    8.6   13.0  -99.9  -99.9  -99.9  -99.9  -99.9  -99.9
          1927    5.6    8.4    9.1  -99.9  -99.9  -99.9  -99.9  -99.9  -99.9
          1928    5.6    8.9   10.2  -99.9  -99.9  -99.9  -99.9  -99.9  -99.9
          1929    6.1    8.9   10.9  -99.9  -99.9  -99.9  -99.9  -99.9  -99.9
          1931    6.9   11.7   15.2  -99.9  -99.9  -99.9  -99.9  -99.9  -99.9
          1932    8.4   13.5   16.8  -99.9  -99.9  -99.9  -99.9  -99.9  -99.9
          1933    8.4    9.7    9.9  -99.9  -99.9  -99.9  -99.9  -99.9  -99.9
          1934   11.4   16.5   17.8  -99.9  -99.9  -99.9  -99.9  -99.9  -99.9
          1935   11.4   18.0   21.1  -99.9  -99.9  -99.9  -99.9  -99.9  -99.9
          1936   11.4   14.0   15.7  -99.9  -99.9  -99.9  -99.9  -99.9  -99.9
          1938    7.4   10.9   15.2  -99.9  -99.9  -99.9  -99.9  -99.9  -99.9
          1939   11.2   17.8   20.3  -99.9  -99.9  -99.9  -99.9  -99.9  -99.9
          1940    8.6   16.5   22.9  -99.9  -99.9  -99.9  -99.9  -99.9  -99.9
          1941    2.8    3.3    4.1  -99.9  -99.9  -99.9  -99.9  -99.9  -99.9
          1942    7.6   11.7   13.7  -99.9  -99.9  -99.9  -99.9  -99.9  -99.9
          1943    8.9   13.7   20.6  -99.9  -99.9  -99.9  -99.9  -99.9  -99.9
          1944   11.2   17.8  -99.9  -99.9  -99.9  -99.9  -99.9  -99.9  -99.9
          1945    8.1   12.7  -99.9  -99.9  -99.9  -99.9  -99.9  -99.9  -99.9
          1946    8.9   14.7  -99.9  -99.9  -99.9  -99.9  -99.9  -99.9  -99.9
          1947    7.6   14.0   15.7  -99.9  -99.9  -99.9  -99.9  -99.9  -99.9
          1948    7.6   11.4   14.0  -99.9  -99.9  -99.9  -99.9  -99.9  -99.9
          1949    6.9    9.4   11.4  -99.9  -99.9  -99.9  -99.9  -99.9  -99.9
          1950   10.2   17.8   20.8  -99.9  -99.9  -99.9  -99.9  -99.9  -99.9
          1951    5.8    8.1    8.9  -99.9  -99.9  -99.9  -99.9  -99.9  -99.9
          1952    9.4   16.5   20.8  -99.9  -99.9  -99.9  -99.9  -99.9  -99.9
          1953    9.9   10.7   12.2  -99.9  -99.9  -99.9  -99.9  -99.9  -99.9
          1954    4.3    4.6    4.6  -99.9  -99.9  -99.9  -99.9  -99.9  -99.9
          1955   10.2   16.5   20.3  -99.9  -99.9  -99.9  -99.9  -99.9  -99.9
          1959    5.6    6.6    9.1   13.7   13.7   13.7   20.1   25.4   30.2
          1960    8.4   12.4   14.7   22.4   26.4   32.3   32.5   33.0   34.0
          1961   10.2   12.7   15.0   16.3   18.8   20.6   27.4   41.9   48.8
          1962   10.2   16.0   19.8   25.4   29.0   31.0   31.7   46.5   67.1
          1963   10.9   15.5   19.6   33.3   46.2   51.3   67.1   80.8   80.8
          1964    8.9   16.8   21.6   28.4   30.2   30.2   30.2   41.1   46.5
          1965    9.1   11.2   12.4   19.3   21.8   22.6   27.2   39.4   39.4
          1966    9.7   14.2   19.3   21.8   24.4   28.4   49.3   54.4   58.7
          1967   16.0   20.6   21.6   24.1   31.0   31.0   31.0   36.6   58.2
          1968    7.1   11.4   16.3   30.0   41.1   42.7   42.7   42.9   45.0
          1969    9.7   17.0   22.9   31.0   34.3   34.8   38.6   41.4   54.1
          1970   12.2   16.5   17.0   22.1   22.1   26.4   29.2   46.5   56.1
          1971   14.0   17.0   20.3   21.6   21.6   21.6   30.0   34.5   38.1
          1972   10.2   15.7   16.8   16.8   25.9   33.3   51.3   57.1   60.2
          1973    8.6   16.3   19.3   21.1   36.3   38.1   39.9   44.2   56.1
          1974    9.7   15.0   19.3   21.3   21.8   21.8   42.9   43.2   43.2
          1975   10.9   18.0   22.4   29.5   33.8   34.8   34.8   56.1   70.1
          1976    8.4   12.4   16.3   22.6   26.4   30.2   35.3   45.7   48.5
          1977    9.4   16.5   17.0   17.8   25.1   30.0   32.0   32.0   36.6
          1978    7.1   11.5   12.4   12.4   13.6   14.3   22.0   28.2   33.0
          1979    6.8   11.1   14.6   24.2   28.5   29.0   48.5   79.9   84.5
          1980    8.6   13.1   18.3   23.8   26.5   28.5   31.1   37.1   60.7
          1981    9.4   17.7   20.5   23.6   24.3   24.4   30.1   46.6   73.5
          1982    6.3    9.7    9.9   11.2   22.4   27.0   40.8   41.4   42.1
          1983    4.2    8.1    8.3    8.5    8.5   11.7   30.3   33.9   33.9
          1984    6.4   10.0   10.2   13.6   18.8   23.5   38.8   45.4   45.4
          1985    3.1    5.5    7.8    8.6   15.5   25.3   43.7   50.2   55.2
          1986    6.7   11.9   15.7   24.3   38.6   43.7   43.7   43.7   49.2
          1987   14.8   21.4   29.6   47.0   84.0   99.0  101.8  102.2  102.2
          1989  -99.9  -99.9  -99.9  -99.9  -99.9   11.7   21.8   31.3   50.4
          1990    5.4    9.2   10.4   12.2   13.3   20.7   42.4   44.0   50.5
          1991    5.5    9.4   12.4   13.7   16.9   21.8   33.5   36.4   36.4
          1992    4.4    7.9    9.9   19.4   22.2   29.6  -99.9  -99.9   57.1
          2014    8.2    9.4   12.0   15.0   21.0   29.6   36.4   51.2   62.0
        ---------------------------------------------------------------------
        # Yrs.     81     81     78     33     33     34     33     33     34
        Années
          Mean    8.0   12.3   14.8   21.1   26.8   29.8   38.1   45.9   53.2
       Moyenne
     Std. Dev.    2.6    4.1    5.2    7.9   13.3   15.0   14.9   15.7   16.0
    Écart-type
         Skew.   0.31  -0.05   0.16   0.94   2.62   3.07   2.68   2.03   1.05
   Dissymétrie
      Kurtosis   3.46   2.43   2.65   5.34  13.21  16.38  12.98   8.07   4.67
 
          *-99.9 Indicates Missing Data/Données manquantes
 
 Warning: annual maximum amount greater than 100-yr return period amount
 Avertissement : la quantité maximale annuelle excède la quantité
                 pour une période de retour de 100 ans
          Year/Année      Duration/Durée        Data/Données          100-yr/ans
                1987              30 min                47.0                46.0
                1987               1 h                  84.0                68.4
                1987               2 h                  99.0                76.9
                1987               6 h                 101.8                84.9
                1987              12 h                 102.2                95.1
 
********************************************************************************
 
Table 2a : Return Period Rainfall Amounts (mm)
           Quantité de pluie (mm) par période de retour
 
********************************************************************************
 
 Duration/Durée        2        5       10       25       50      100   #Years
                  yr/ans   yr/ans   yr/ans   yr/ans   yr/ans   yr/ans   Années
          5 min      7.6     10.0     11.5     13.5     14.9     16.4       81
         10 min     11.6     15.2     17.6     20.6     22.8     25.0       81
         15 min     13.9     18.5     21.6     25.5     28.3     31.2       78
         30 min     19.8     26.8     31.4     37.3     41.7     46.0       33
          1 h       24.6     36.3     44.1     53.9     61.2     68.4       33
          2 h       27.4     40.6     49.4     60.5     68.7     76.9       34
          6 h       35.7     48.8     57.6     68.6     76.8     84.9       33
         12 h       43.3     57.2     66.4     78.0     86.6     95.1       33
         24 h       50.5     64.7     74.0     85.8     94.6    103.3       34
 
********************************************************************************
 
Table 2b :
 
 Return Period Rainfall Rates (mm/h) - 95% Confidence limits
 Intensité de la pluie (mm/h) par période de retour - Limites de confiance de 95%
 
********************************************************************************
 
 Duration/Durée        2        5       10       25       50      100   #Years
                  yr/ans   yr/ans   yr/ans   yr/ans   yr/ans   yr/ans   Années
          5 min     91.3    119.4    138.0    161.5    178.9    196.2       81
                +/-  6.4 +/- 10.7 +/- 14.4 +/- 19.5 +/- 23.3 +/- 27.2       81
         10 min     69.6     91.2    105.5    123.5    136.9    150.2       81
                +/-  4.9 +/-  8.2 +/- 11.1 +/- 15.0 +/- 17.9 +/- 20.9       81
         15 min     55.7     74.2     86.4    101.9    113.3    124.7       78
                +/-  4.3 +/-  7.2 +/-  9.7 +/- 13.1 +/- 15.6 +/- 18.2       78
         30 min     39.6     53.6     62.9     74.6     83.3     92.0       33
                +/-  5.0 +/-  8.4 +/- 11.3 +/- 15.3 +/- 18.2 +/- 21.3       33
          1 h       24.6     36.3     44.1     53.9     61.2     68.4       33
                +/-  4.2 +/-  7.0 +/-  9.4 +/- 12.7 +/- 15.2 +/- 17.8       33
          2 h       13.7     20.3     24.7     30.3     34.4     38.5       34
                +/-  2.3 +/-  3.9 +/-  5.3 +/-  7.1 +/-  8.5 +/-  9.9       34
          6 h        5.9      8.1      9.6     11.4     12.8     14.1       33
                +/-  0.8 +/-  1.3 +/-  1.8 +/-  2.4 +/-  2.9 +/-  3.3       33
         12 h        3.6      4.8      5.5      6.5      7.2      7.9       33
                +/-  0.4 +/-  0.7 +/-  0.9 +/-  1.3 +/-  1.5 +/-  1.8       33
         24 h        2.1      2.7      3.1      3.6      3.9      4.3       34
                +/-  0.2 +/-  0.3 +/-  0.5 +/-  0.6 +/-  0.8 +/-  0.9       34
 
********************************************************************************
 
Table 3 : Interpolation Equation / Équation d'interpolation: R = A*T^B
 
R = Interpolated Rainfall rate (mm/h)/Intensité interpolée de la pluie (mm/h)
RR = Rainfall rate (mm/h) / Intensité de la pluie (mm/h)
 T = Rainfall duration (h) / Durée de la pluie (h)
 
********************************************************************************
 
       Statistics/Statistiques      2      5     10     25     50    100
                               yr/ans yr/ans yr/ans yr/ans yr/ans yr/ans
      Mean of RR/Moyenne de RR   34.0   45.6   53.3   63.0   70.2   77.4
    Std. Dev. /Écart-type (RR)   32.2   41.9   48.4   56.5   62.6   68.6
        Std. Error/Erreur-type    9.3   14.6   18.1   22.5   25.9   29.1
               Coefficient (A)   20.8   28.2   33.1   39.3   43.9   48.4
         Exponent/Exposant (B) -0.687 -0.687 -0.687 -0.687 -0.687 -0.687
 Mean % Error/% erreur moyenne    9.5   12.9   14.2   15.4   16.2   16.8
