                     Environment and Climate Change Canada
                 Environnement et Changement climatique Canada
                                        
           Short Duration Rainfall Intensity-Duration-Frequency Data
          Données sur l'intensité, la durée et la fréquence des chutes
                            de pluie de courte durée
                                        
                 Gumbel - Method of moments/Méthode des moments
                                        
                                   2021/03/26
                                        
================================================================================
 
 QUEBEC JEAN LESAGE INTL                                QC        701S001       
                     
 Latitude:  46 48'N    Longitude: 71 23'W    Elevation/Altitude: 60         m
 
 Years/Années :  1961 - 2017          # Years/Années :     57   
 
================================================================================
 
********************************************************************************
 
Table 1 : Annual Maximum (mm)/Maximum annuel (mm)
 
********************************************************************************
 
          Year  5 min 10 min 15 min 30 min    1 h    2 h    6 h   12 h   24 h
         Année
          1961    6.1   10.4   10.9   12.2   19.0   19.0   34.5   53.1   61.7
          1962    7.6   11.7   13.2   19.8   25.4   29.7   62.5   63.5   71.4
          1963   10.4   16.8   19.0   20.8   24.4   27.9   37.6   48.0   53.3
          1964    5.8    6.6    9.4   13.5   19.0   25.4   28.2   29.5   51.8
          1965    8.9   10.4   15.7   17.8   20.3   22.1   36.1   40.4   44.4
          1966    7.4    8.6    9.1    9.7   13.2   18.0   24.4   39.4   46.7
          1967    7.6   13.0   17.8   20.8   21.3   22.9   40.6   42.2   56.1
          1968    6.3   10.4   11.4   11.4   11.9   18.5   31.0   42.2   49.5
          1969    7.6   10.2   14.7   17.8   23.4   26.7   39.9   53.3   59.7
          1970    4.8    7.6    8.6   10.7   18.3   21.1   31.0   36.1   48.5
          1971    8.6   10.2   14.0   22.6   26.7   27.9   39.1   47.0   60.5
          1972    6.3   11.2   12.4   16.3   20.6   29.5   33.0   37.6   69.3
          1973   10.4   17.3   19.8   26.7   34.3   36.6   49.0   56.6   63.5
          1974    8.1   11.7   12.7   18.0   20.3   24.9   38.1   38.1   63.2
          1975    7.9   15.7   17.8   24.6   24.6   25.9   42.2   45.5   50.8
          1976    9.9   11.7   11.9   12.4   19.6   24.1   24.1   33.8   44.4
          1977    6.1    7.9    9.4    9.9   14.0   22.4   40.1   49.0   54.6
          1978    7.8    8.3    8.6   12.0   21.8   27.8   43.0   50.2   78.9
          1979   16.5   17.8   20.4   40.1   59.9   77.9   78.0   81.2   81.2
          1980    7.8   11.0   13.9   19.4   35.7   49.8   57.8   58.8   58.8
          1981   11.0   12.9   16.6   20.6   24.7   31.8   55.3   69.3   79.0
          1982    8.5   10.0   10.3   11.7   13.3   23.5   41.2   44.7   44.7
          1983    3.6    5.5    6.0   11.2   12.9   13.9   24.2   34.0   50.0
          1984    5.5    7.7   10.1   12.1   13.3   18.4   41.1   50.1   61.9
          1985    9.2   14.4   17.7   25.7   28.4   34.6   40.8   56.1   62.6
          1986    8.0   14.9   16.8   20.0   23.3   27.3   37.2   54.0   72.2
          1987    6.6   12.4   17.5   24.2   24.7   32.8   39.4   46.2   73.3
          1988    4.1    8.2   11.6   16.9   18.8   20.7   28.2   35.7   45.6
          1989    9.4   15.7   22.2   30.2   41.0   41.5   42.3   48.6   53.4
          1990    6.8   12.2   15.0   20.7   27.1   27.7   36.4   53.2   54.4
          1991    5.5    8.0   11.3   18.0   19.7   19.8   19.8   19.8   29.2
          1992    5.4    8.0    9.5   12.6   16.8   18.1   34.9   46.6   57.0
          1993    7.4   10.0   13.4   19.9   20.1   22.7   25.3   34.3   50.2
          1994    5.7    9.6   12.3   17.1   17.1   19.3   29.2   37.0   38.8
          1995    9.4   13.1   15.7   16.4   18.9   22.7   36.2   40.3   44.0
          1996   11.2   13.2   14.0   23.0   30.2   33.4   56.4   77.8   83.0
          1997    6.2    7.6    8.6    9.8   15.2   20.8   35.8   60.0   73.4
          1998   17.4   24.8   24.8   28.4   28.4   39.4   76.0   84.8  104.8
          1999   10.4   14.6   16.2   17.0   16.8   25.0   37.4   48.0   53.6
          2000   10.0   15.2   16.0   16.4   21.6   27.2   35.4   39.0   48.8
          2001   10.4   10.4   10.6   12.8   14.2   15.2   27.8   40.8   44.6
          2002    7.0    8.0    8.0   10.2   11.8   19.4   24.6   27.2   35.8
          2003    7.8   11.2   14.4   22.8   24.0   31.4   36.2   43.4   50.2
          2004    5.2    7.4    9.4   15.6   29.4   37.6   39.2   52.6   62.6
          2005    7.0   11.0   12.2   13.2   18.2   27.8   53.6   82.0  105.4
          2006    8.2   11.2   13.0   15.4   16.8   19.0   30.8   36.2   48.2
          2007    9.0   13.4   16.8   22.8   24.2   26.0   36.0   48.6   55.0
          2008   10.0   15.8   20.0   26.2   37.6   39.6   47.2   53.6   57.8
          2009   10.0   17.8   24.2   28.2   32.4   33.2   34.2   34.6   50.0
          2010    8.8   12.2   13.6   14.0   15.2   22.0   25.0   38.8   40.8
          2011   13.4   14.2   14.8   15.6   17.6   26.2   35.2   51.4   53.4
          2012   10.4   18.0   22.8   32.8   44.8   50.4   61.6   62.4   63.2
          2013    8.4   13.4   18.6   21.8   28.0   46.2   48.0   48.0   48.6
          2014    8.2   12.0   14.0   14.2   15.8   21.0   33.4   55.6   80.4
          2015    7.6    9.6   10.2   11.8   12.6   21.0   47.2   63.4   71.4
          2016   12.4   17.8   18.6   19.0   23.0   23.6   33.2   44.8   51.8
          2017    7.4    9.8   10.0   10.6   16.2   20.0   38.4   42.0   45.2
        ---------------------------------------------------------------------
        # Yrs.     57     57     57     57     57     57     57     57     57
        Années
          Mean    8.3   11.9   14.2   18.2   22.6   27.7   39.2   48.3   58.1
       Moyenne
     Std. Dev.    2.6    3.6    4.3    6.5    8.9   10.6   11.9   13.3   15.0
    Écart-type
         Skew.   1.23   0.90   0.51   0.98   1.79   2.34   1.30   0.85   1.14
   Dissymétrie
      Kurtosis   5.88   4.54   2.87   4.26   7.80  11.22   5.29   4.14   4.93
 
          *-99.9 Indicates Missing Data/Données manquantes
 
 Warning: annual maximum amount greater than 100-yr return period amount
 Avertissement : la quantité maximale annuelle excède la quantité
                 pour une période de retour de 100 ans
          Year/Année      Duration/Durée        Data/Données          100-yr/ans
                1979              30 min                40.1                38.4
                1979               1 h                  59.9                50.5
                1979               2 h                  77.9                60.9
                1979               6 h                  78.0                76.6
                1998               5 min                17.4                16.5
                1998              10 min                24.8                23.3
                2005              24 h                 105.4               105.1
 
********************************************************************************
 
Table 2a : Return Period Rainfall Amounts (mm)
           Quantité de pluie (mm) par période de retour
 
********************************************************************************
 
 Duration/Durée        2        5       10       25       50      100   #Years
                  yr/ans   yr/ans   yr/ans   yr/ans   yr/ans   yr/ans   Années
          5 min      7.9     10.2     11.7     13.7     15.1     16.5       57
         10 min     11.3     14.5     16.7     19.3     21.3     23.3       57
         15 min     13.5     17.3     19.8     23.0     25.4     27.7       57
         30 min     17.1     22.8     26.6     31.4     34.9     38.4       57
          1 h       21.1     29.0     34.2     40.8     45.7     50.5       57
          2 h       26.0     35.3     41.5     49.3     55.1     60.9       57
          6 h       37.2     47.8     54.8     63.6     70.1     76.6       57
         12 h       46.1     57.8     65.6     75.5     82.8     90.1       57
         24 h       55.7     68.9     77.7     88.8     97.0    105.1       57
 
********************************************************************************
 
Table 2b :
 
 Return Period Rainfall Rates (mm/h) - 95% Confidence limits
 Intensité de la pluie (mm/h) par période de retour - Limites de confiance de 95%
 
********************************************************************************
 
 Duration/Durée        2        5       10       25       50      100   #Years
                  yr/ans   yr/ans   yr/ans   yr/ans   yr/ans   yr/ans   Années
          5 min     94.7    122.4    140.7    163.9    181.0    198.1       57
                +/-  7.5 +/- 12.6 +/- 17.0 +/- 22.9 +/- 27.4 +/- 31.9       57
         10 min     68.0     87.2    100.0    116.1    128.0    139.8       57
                +/-  5.2 +/-  8.7 +/- 11.8 +/- 15.9 +/- 19.0 +/- 22.2       57
         15 min     53.8     69.1     79.2     92.0    101.5    111.0       57
                +/-  4.1 +/-  6.9 +/-  9.4 +/- 12.6 +/- 15.1 +/- 17.6       57
         30 min     34.2     45.6     53.2     62.7     69.8     76.8       57
                +/-  3.1 +/-  5.2 +/-  7.0 +/-  9.4 +/- 11.3 +/- 13.2       57
          1 h       21.1     29.0     34.2     40.8     45.7     50.5       57
                +/-  2.1 +/-  3.6 +/-  4.8 +/-  6.5 +/-  7.8 +/-  9.1       57
          2 h       13.0     17.7     20.7     24.7     27.6     30.4       57
                +/-  1.3 +/-  2.1 +/-  2.9 +/-  3.9 +/-  4.6 +/-  5.4       57
          6 h        6.2      8.0      9.1     10.6     11.7     12.8       57
                +/-  0.5 +/-  0.8 +/-  1.1 +/-  1.5 +/-  1.7 +/-  2.0       57
         12 h        3.8      4.8      5.5      6.3      6.9      7.5       57
                +/-  0.3 +/-  0.4 +/-  0.6 +/-  0.8 +/-  1.0 +/-  1.1       57
         24 h        2.3      2.9      3.2      3.7      4.0      4.4       57
                +/-  0.1 +/-  0.3 +/-  0.3 +/-  0.5 +/-  0.5 +/-  0.6       57
 
********************************************************************************
 
Table 3 : Interpolation Equation / Équation d'interpolation: R = A*T^B
 
R = Interpolated Rainfall rate (mm/h)/Intensité interpolée de la pluie (mm/h)
RR = Rainfall rate (mm/h) / Intensité de la pluie (mm/h)
 T = Rainfall duration (h) / Durée de la pluie (h)
 
********************************************************************************
 
       Statistics/Statistiques      2      5     10     25     50    100
                               yr/ans yr/ans yr/ans yr/ans yr/ans yr/ans
      Mean of RR/Moyenne de RR   33.0   43.0   49.5   57.9   64.0   70.1
    Std. Dev. /Écart-type (RR)   32.6   42.0   48.1   55.9   61.7   67.5
        Std. Error/Erreur-type    4.7    7.2    9.0   11.3   13.0   14.7
               Coefficient (A)   20.3   26.5   30.5   35.6   39.4   43.1
         Exponent/Exposant (B) -0.667 -0.673 -0.676 -0.679 -0.680 -0.682
 Mean % Error/% erreur moyenne    4.0    5.9    6.9    7.8    8.3    8.7
