                     Environment and Climate Change Canada
                 Environnement et Changement climatique Canada
                                        
           Short Duration Rainfall Intensity-Duration-Frequency Data
          Données sur l'intensité, la durée et la fréquence des chutes
                            de pluie de courte durée
                                        
                 Gumbel - Method of moments/Méthode des moments
                                        
                                   2022/10/31
                                        
================================================================================
 
 LONDON CS                                              ON        6144478       
                     
 Latitude:  43 2'N     Longitude: 81 9'W     Elevation/Altitude: 278        m
 
 Years/Années :  1943 - 2021          # Years/Années :     71   
 
================================================================================
 
********************************************************************************
 
Table 1 : Annual Maximum (mm)/Maximum annuel (mm)
 
********************************************************************************
 
          Year  5 min 10 min 15 min 30 min    1 h    2 h    6 h   12 h   24 h
         Année
          1943   18.3   24.1   26.2   36.3   51.1   53.8   53.8   56.1   78.7
          1944    7.6    8.1   11.2   15.2   21.1   34.3   47.0   51.8   56.1
          1945    6.6    9.7   12.7   17.3   19.3   25.4   34.3   39.4   47.8
          1946   13.2   14.5   15.5   29.7   48.3   60.5   61.5   61.5   83.3
          1947   10.9   19.3   23.9   29.2   29.2   29.2   40.9   43.2   46.7
          1952    7.9   12.7   15.2   28.7   30.5   30.5   38.4   39.9   74.2
          1953   15.7   24.6   36.8   56.9   83.3   83.3   83.3   83.3   83.3
          1954   10.9   12.7   17.0   21.6   29.2   32.8   39.1   52.6   78.0
          1955    6.6    9.1   11.2   14.2   14.7   17.3   32.5   44.2   51.1
          1956    9.1   10.7   11.7   16.8   20.1   35.3   40.4   42.7   53.8
          1957    6.3    9.4   12.4   16.5   26.2   28.2   35.6   47.5   55.6
          1958    7.6    9.7   11.2   15.7   16.5   18.5   29.2   39.1   39.9
          1959    8.6   10.9   13.0   15.5   23.4   39.6   50.3   50.5   50.5
          1960    9.1   12.7   16.8   27.7   28.2   38.9   39.9   42.4   46.7
          1961   11.4   20.1   23.9   29.0   39.9   43.2   43.4   43.4   43.4
          1962    8.6   16.5   17.0   17.0   18.8   26.7   29.0   34.8   35.1
          1963    5.6    7.9    9.1   10.4   10.4   11.4   21.3   21.3   23.9
          1964    7.9   10.9   14.2   19.0   23.9   32.3   38.1   59.2   67.3
          1965    5.6   10.4   11.7   14.2   18.3   21.1   29.0   38.4   43.7
          1966    8.4    8.4    8.9   14.2   19.3   27.4   43.9   52.6   52.6
          1967    7.9   11.9   12.2   19.3   20.6   22.4   33.5   37.3   41.4
          1968   10.4   13.2   16.0   24.6   28.7   32.3   53.1   67.6   84.6
          1969    6.9   10.2   13.5   15.7   15.7   18.5   27.4   39.9   47.5
          1970   10.9   13.0   16.5   17.0   21.1   22.1   23.9   33.3   36.8
          1971    8.9   15.0   22.4   32.5   39.1   42.7   42.7   42.7   42.7
          1972   14.5   20.1   22.9   22.9   34.3   40.6   58.4   59.7   62.5
          1973    7.4    9.4   13.5   17.0   17.8   19.6   31.5   40.4   52.1
          1974    4.8    7.9    9.1   10.9   13.2   22.4   29.2   30.2   35.3
          1975    9.1   12.4   15.2   18.5   21.1   21.1   27.9   30.5   30.5
          1976   18.5   26.9   27.7   29.2   30.5   30.7   37.8   40.9   50.0
          1978    6.6   10.9   14.2   14.4   14.4   14.4   23.5   27.3   29.6
          1979   19.2   33.5   37.6   45.9   46.0   46.0   46.6   65.4   68.2
          1980   11.5   20.6   27.8   30.6   32.5   32.6   37.7   47.1   61.7
          1981   10.1   12.5   13.2   13.2   16.2   26.7   35.0   37.5   43.5
          1982    6.8   10.8   15.1   22.2   24.6   28.6   35.4   36.8   37.6
          1983   13.5   23.4   29.5   37.6   41.1   41.1   47.0   55.8   64.4
          1984    9.8   10.6   14.5   27.4   27.8   43.5   50.8   56.0   69.7
          1985    8.3   10.9   13.7   22.8   29.0   35.1   43.2   56.8   65.0
          1986   12.4   22.7   24.2   24.5   30.6   42.2   43.8   49.7   89.1
          1987    6.7    9.4   11.0   13.2   14.3   17.7   27.2   44.5   56.5
          1988    7.9   11.2   15.5   18.2   18.3   26.9   33.0   41.9   61.6
          1989    8.7   10.9   13.5   23.3   25.7   25.8   25.8   34.0   34.8
          1990   11.9   16.7   18.7   30.4   35.1   37.9   41.6   54.1   75.5
          1991    9.7   11.6   13.9   17.5   20.6   22.0   28.1   32.2   32.2
          1992    6.5   11.5   15.9   20.9   35.0   45.2   51.8   58.6   76.3
          1993    9.4   14.3   15.1   19.1   21.9   25.0   28.5   30.7   49.2
          1994    7.5   11.3   12.1   16.8   20.6   33.2   38.9   40.3   46.5
          1995    8.2   11.3   12.6   15.8   21.8   28.0   37.8   45.0   56.1
          1996    9.4   15.8   17.9   26.1   39.2   68.1   82.7   83.5   89.0
          1997   10.6   17.0   19.6   21.8   21.8   24.8   31.1   33.9   33.9
          1998   12.6   14.7   15.8   17.6   20.4   20.4   20.4  -99.9   33.0
          1999    7.3   11.2   11.8   12.7   13.3   19.0   25.9   26.1   32.9
          2000   11.5   15.3   17.6   23.0   30.6   40.6  -99.9  -99.9   82.8
          2001    6.3    7.9   10.6   13.2   13.4   14.0   24.0   35.0   41.2
          2003   10.0   18.4   23.2   26.2   26.2   27.8   31.2   40.8   40.8
          2004   15.0   23.6   27.2   29.4   29.4   29.6   45.4   47.0   47.0
          2005    9.0   12.6   15.4   19.8   19.8   24.0   35.6   37.0   45.6
          2006   12.6   22.0   26.6   28.0   42.4   46.4   49.0   49.0   77.2
          2007    7.0   12.4   14.6   14.6   17.2   22.4   30.4   30.6   30.6
          2008    5.8    7.6    9.8   12.0   16.1   25.7   40.4   45.6   47.7
          2009    7.8   11.4   12.0   17.0   17.0   19.8   29.4   35.0   43.0
          2010   10.0   14.4   20.4   29.4   32.6   33.0   33.8   34.2   42.4
          2011    6.8   11.6   17.2   29.2   35.8   35.8   40.6   44.0   44.0
          2012    4.4    6.8    8.4    9.2   12.4   16.8   25.6   30.6   32.4
          2013    8.0   11.2   15.0   20.0   24.2   30.8   51.8   80.0   96.0
          2014    9.6   16.6   23.6   31.6   41.6   50.0   59.8   62.2   63.2
          2015    8.8   14.2   19.6   23.8   23.8   34.0   34.8   42.6   42.6
          2016   11.0   19.0   21.4   35.6   38.4   42.4   44.8   58.8   68.8
          2017    6.6    9.6   12.6   17.8   18.2   23.4   27.6   38.0   38.8
          2018    9.8   17.0   18.4   20.8   22.6   23.8   27.8   35.2   45.4
          2019   11.4   18.8   20.4   21.6   23.8   27.0   33.6   33.6   41.4
          2020    7.6   13.6   18.2   24.4   37.2   41.4   44.8   57.2   62.6
          2021    8.8   13.2   17.2   32.0   48.6   49.2   49.2   49.2   87.6
        ---------------------------------------------------------------------
        # Yrs.     73     73     73     73     73     73     72     71     73
        Années
          Mean    9.4   14.0   17.0   22.2   26.8   31.8   38.8   45.2   53.7
       Moyenne
     Std. Dev.    3.1    5.2    6.1    8.4   11.8   12.7   12.2   12.8   17.6
    Écart-type
         Skew.   1.25   1.33   1.27   1.33   1.84   1.39   1.40   0.99   0.61
   Dissymétrie
      Kurtosis   4.89   4.97   4.81   6.17   9.13   6.28   6.21   4.28   2.49
 
          *-99.9 Indicates Missing Data/Données manquantes
 
 Warning: annual maximum amount greater than 100-yr return period amount
 Avertissement : la quantité maximale annuelle excède la quantité
                 pour une période de retour de 100 ans
          Year/Année      Duration/Durée        Data/Données          100-yr/ans
                1953              15 min                36.8                36.3
                1953              30 min                56.9                48.7
                1953               1 h                  83.3                63.7
                1953               2 h                  83.3                71.5
                1953               6 h                  83.3                77.0
                1979               5 min                19.2                19.0
                1979              10 min                33.5                30.3
                1979              15 min                37.6                36.3
                1996               6 h                  82.7                77.0
 
********************************************************************************
 
Table 2a : Return Period Rainfall Amounts (mm)
           Quantité de pluie (mm) par période de retour
 
********************************************************************************
 
 Duration/Durée        2        5       10       25       50      100   #Years
                  yr/ans   yr/ans   yr/ans   yr/ans   yr/ans   yr/ans   Années
          5 min      8.9     11.6     13.4     15.7     17.4     19.0       73
         10 min     13.2     17.7     20.8     24.6     27.5     30.3       73
         15 min     16.0     21.4     25.0     29.5     32.9     36.3       73
         30 min     20.9     28.3     33.2     39.5     44.1     48.7       73
          1 h       24.8     35.3     42.2     50.9     57.3     63.7       73
          2 h       29.8     40.9     48.4     57.7     64.7     71.5       73
          6 h       36.8     47.6     54.7     63.7     70.4     77.0       72
         12 h       43.1     54.4     61.9     71.4     78.4     85.4       71
         24 h       50.8     66.4     76.7     89.8     99.5    109.1       73
 
********************************************************************************
 
Table 2b :
 
 Return Period Rainfall Rates (mm/h) - 95% Confidence limits
 Intensité de la pluie (mm/h) par période de retour - Limites de confiance de 95%
 
********************************************************************************
 
 Duration/Durée        2        5       10       25       50      100   #Years
                  yr/ans   yr/ans   yr/ans   yr/ans   yr/ans   yr/ans   Années
          5 min    107.0    139.4    160.9    188.1    208.2    228.2       73
                +/-  7.7 +/- 13.0 +/- 17.6 +/- 23.7 +/- 28.4 +/- 33.1       73
         10 min     78.9    106.5    124.7    147.8    164.9    181.9       73
                +/-  6.6 +/- 11.1 +/- 14.9 +/- 20.1 +/- 24.1 +/- 28.1       73
         15 min     64.0     85.7    100.0    118.2    131.7    145.0       73
                +/-  5.2 +/-  8.7 +/- 11.8 +/- 15.9 +/- 19.0 +/- 22.1       73
         30 min     41.7     56.6     66.5     78.9     88.2     97.3       73
                +/-  3.5 +/-  6.0 +/-  8.1 +/- 10.9 +/- 13.0 +/- 15.2       73
          1 h       24.8     35.3     42.2     50.9     57.3     63.7       73
                +/-  2.5 +/-  4.2 +/-  5.6 +/-  7.6 +/-  9.1 +/- 10.6       73
          2 h       14.9     20.5     24.2     28.9     32.3     35.8       73
                +/-  1.3 +/-  2.2 +/-  3.0 +/-  4.1 +/-  4.9 +/-  5.7       73
          6 h        6.1      7.9      9.1     10.6     11.7     12.8       72
                +/-  0.4 +/-  0.7 +/-  1.0 +/-  1.3 +/-  1.6 +/-  1.8       72
         12 h        3.6      4.5      5.2      5.9      6.5      7.1       71
                +/-  0.2 +/-  0.4 +/-  0.5 +/-  0.7 +/-  0.8 +/-  1.0       71
         24 h        2.1      2.8      3.2      3.7      4.1      4.5       73
                +/-  0.2 +/-  0.3 +/-  0.4 +/-  0.5 +/-  0.6 +/-  0.7       73
 
********************************************************************************
 
Table 3 : Interpolation Equation / Équation d'interpolation: R = A*T^B
 
R = Interpolated Rainfall rate (mm/h)/Intensité interpolée de la pluie (mm/h)
RR = Rainfall rate (mm/h) / Intensité de la pluie (mm/h)
 T = Rainfall duration (h) / Durée de la pluie (h)
 
********************************************************************************
 
       Statistics/Statistiques      2      5     10     25     50    100
                               yr/ans yr/ans yr/ans yr/ans yr/ans yr/ans
      Mean of RR/Moyenne de RR   38.1   51.0   59.6   70.3   78.3   86.3
    Std. Dev. /Écart-type (RR)   37.6   49.6   57.5   67.5   75.0   82.4
        Std. Error/Erreur-type    9.8   15.5   19.3   24.2   27.7   31.3
               Coefficient (A)   22.4   29.9   34.8   41.0   45.7   50.3
         Exponent/Exposant (B) -0.714 -0.721 -0.724 -0.727 -0.728 -0.730
 Mean % Error/% erreur moyenne    8.6   10.9   11.8   12.7   13.2   13.6
