                     Environment and Climate Change Canada
                 Environnement et Changement climatique Canada
                                        
           Short Duration Rainfall Intensity-Duration-Frequency Data
          Données sur l'intensité, la durée et la fréquence des chutes
                            de pluie de courte durée
                                        
                 Gumbel - Method of moments/Méthode des moments
                                        
                                   2022/10/31
                                        
================================================================================
 
 KENTVILLE CDA CS                                       NS        8202810       
                     
 Latitude:  45 4'N     Longitude: 64 29'W    Elevation/Altitude: 48         m
 
 Years/Années :  1960 - 2021          # Years/Années :     44   
 
================================================================================
 
********************************************************************************
 
Table 1 : Annual Maximum (mm)/Maximum annuel (mm)
 
********************************************************************************
 
          Year  5 min 10 min 15 min 30 min    1 h    2 h    6 h   12 h   24 h
         Année
          1960   12.4   18.3   20.8   29.0   33.5   33.8   34.8   34.8   34.8
          1961    9.9   13.2   14.5   21.1   31.5   33.5   41.4   64.3   86.9
          1962    7.6    9.1    9.4   11.7   16.5   18.3   40.6   75.2   79.5
          1963    7.6    9.7   10.2   14.2   26.9   39.9   57.7   76.2   78.7
          1964    5.6    8.6   10.7   12.2   20.3   34.5   60.5   69.8   81.0
          1965    8.4   14.2   15.2   15.7   21.1   23.9   33.3   33.3   33.3
          1966    4.3    5.6    7.9   11.2   17.3   23.1   39.4   47.5   47.5
          1967    4.3    6.6    9.1   11.9   14.0   21.6   34.0   49.5   59.4
          1969    3.8    4.8    5.8    7.4    9.9   12.4   22.4   30.5   32.0
          1970    8.6   13.0   14.7   22.1   27.2   32.3   57.4   74.9   76.7
          1971    5.6    7.4    7.9   10.4   14.5   24.1   44.4   67.1  124.2
          1972    7.1   10.4   15.0   24.9   31.0   31.5   33.5   43.2   47.8
          1973    5.6    7.4    9.1   11.2   13.7   19.3   34.8   52.8   60.2
          1974    4.8    5.6    6.3    8.9   11.9   20.3   45.7   47.2   47.5
          1975    5.3    8.6   10.9   12.7   17.0   21.1   32.0   34.8   44.2
          1976    6.3   10.7   16.0   25.7   27.4   42.2   73.9   78.7   78.7
          1978    7.9   12.2   12.2   12.2   17.8   19.6   21.0   36.1   37.3
          1979    4.4    7.1    8.0    9.2   14.4   15.4   36.4   38.8   48.6
          1980    7.9   11.0   13.6   19.8   29.5   39.2   39.4   39.4   39.4
          1981   10.1   15.2   17.2   28.3   29.5   55.0   84.8   91.6   93.0
          1982    5.3    9.2   10.6   10.6   11.9   14.8   32.2   34.0   41.7
          1983    4.8    8.1    8.3    8.8   11.5   19.8   39.1   52.8   58.0
          1984    3.5    6.1    8.7   14.0   19.2   37.8   71.1   71.8   73.1
          1985    2.0    3.6    5.0    6.6   10.9   20.0   31.8   50.4   56.1
          1986    3.5    6.9   10.0   16.3   20.7   22.0   45.5   54.8   65.7
          1987    3.7    5.1    5.7    7.4   11.2   16.4   26.4   44.6   55.4
          1988    3.3    6.1    7.7   13.2   19.2   24.0   50.3   64.2   74.0
          1989    4.9    8.4   11.9   14.2   16.9   23.2   49.0   52.1   52.1
          1990    2.9    4.9    7.0   10.6   11.1   18.0   37.5   52.4   62.6
          1991    6.1    7.1    8.8   10.2   16.3   20.0   37.4   49.5   66.2
          1992    1.8    3.4    4.6    7.0   12.9   24.8   39.4   44.0   45.4
          1993    4.0    8.1   12.1   17.2   20.2   20.4   31.4  -99.9   57.0
          1994    2.5    4.5    5.0    6.5   10.1   16.5   27.1  -99.9   43.6
          1995    4.6    9.3    9.9   13.7   15.8   20.9   44.0   48.0   48.0
          2004  -99.9  -99.9  -99.9  -99.9  -99.9  -99.9   34.6   38.5   48.7
          2005  -99.9  -99.9  -99.9  -99.9   14.0   21.4   32.2   55.9   81.9
          2006  -99.9  -99.9  -99.9  -99.9   17.2   33.6   43.5   43.5   50.9
          2007  -99.9  -99.9  -99.9  -99.9   10.6   18.0   43.1   68.4   70.5
          2008  -99.9  -99.9  -99.9  -99.9   13.3   15.5   27.9   49.3   59.3
          2009  -99.9  -99.9  -99.9  -99.9   24.4   27.0   49.5   78.6   86.5
          2010  -99.9  -99.9  -99.9  -99.9   20.0   25.4   47.8   57.0   65.6
          2011    5.8   10.2   11.2   12.4   14.2   19.2   41.8   58.2   73.2
          2012    3.6    5.8    8.0   13.0   16.8   29.4   39.4   55.0   65.2
          2013    3.8    5.2    6.2    9.0   15.6   28.8   46.6   61.6   63.4
          2014   12.2   19.8   25.2   30.6   49.8   54.6   57.4   60.0   71.4
          2015    3.8    6.8    9.2   12.2   15.6   22.4   37.6   56.6   82.0
          2016    4.0    6.2    7.0    7.8   10.6   15.4   32.0   58.2   70.6
          2018    8.4   14.8   18.6   28.0   31.8   31.8   31.8   34.4   34.4
          2019    4.4    7.4   10.0   15.2   25.2   40.8   74.0   99.8  107.2
          2020    3.6    5.0    6.6    9.0   13.6   20.0   37.0   54.6   70.2
          2021    8.8   14.4   21.2   36.2   50.0   57.0   58.2   67.6   82.0
        ---------------------------------------------------------------------
        # Yrs.     44     44     44     44     50     50     51     49     51
        Années
          Mean    5.7    8.8   10.7   14.8   19.5   26.4   42.4   55.1   63.0
       Moyenne
     Std. Dev.    2.5    3.8    4.7    7.3    9.1   10.6   13.4   15.6   19.3
    Écart-type
         Skew.   0.93   1.06   1.20   1.28   1.69   1.34   1.22   0.67   0.67
   Dissymétrie
      Kurtosis   3.56   3.89   4.41   4.02   6.37   4.58   4.65   3.46   3.93
 
          *-99.9 Indicates Missing Data/Données manquantes
 
 Warning: annual maximum amount greater than 100-yr return period amount
 Avertissement : la quantité maximale annuelle excède la quantité
                 pour une période de retour de 100 ans
          Year/Année      Duration/Durée        Data/Données          100-yr/ans
                1971              24 h                 124.2               123.6
                1981               6 h                  84.8                84.6
                2014               1 h                  49.8                48.0
                2021               1 h                  50.0                48.0
 
********************************************************************************
 
Table 2a : Return Period Rainfall Amounts (mm)
           Quantité de pluie (mm) par période de retour
 
********************************************************************************
 
 Duration/Durée        2        5       10       25       50      100   #Years
                  yr/ans   yr/ans   yr/ans   yr/ans   yr/ans   yr/ans   Années
          5 min      5.2      7.5      9.0     10.9     12.3     13.6       44
         10 min      8.1     11.5     13.8     16.6     18.7     20.8       44
         15 min     10.0     14.1     16.8     20.3     22.9     25.4       44
         30 min     13.6     20.0     24.3     29.7     33.7     37.7       44
          1 h       18.0     26.0     31.3     38.0     43.0     48.0       50
          2 h       24.7     34.0     40.2     48.0     53.8     59.6       50
          6 h       40.2     52.1     60.0     69.9     77.3     84.6       51
         12 h       52.6     66.3     75.5     87.0     95.5    104.0       49
         24 h       59.8     76.9     88.2    102.5    113.1    123.6       51
 
********************************************************************************
 
Table 2b :
 
 Return Period Rainfall Rates (mm/h) - 95% Confidence limits
 Intensité de la pluie (mm/h) par période de retour - Limites de confiance de 95%
 
********************************************************************************
 
 Duration/Durée        2        5       10       25       50      100   #Years
                  yr/ans   yr/ans   yr/ans   yr/ans   yr/ans   yr/ans   Années
          5 min     62.8     89.8    107.7    130.3    147.1    163.7       44
                +/-  8.3 +/- 14.0 +/- 18.9 +/- 25.4 +/- 30.4 +/- 35.4       44
         10 min     48.7     69.1     82.6     99.6    112.3    124.8       44
                +/-  6.3 +/- 10.5 +/- 14.2 +/- 19.2 +/- 22.9 +/- 26.7       44
         15 min     39.9     56.4     67.4     81.2     91.4    101.6       44
                +/-  5.1 +/-  8.5 +/- 11.5 +/- 15.5 +/- 18.6 +/- 21.7       44
         30 min     27.1     40.0     48.6     59.4     67.4     75.4       44
                +/-  4.0 +/-  6.7 +/-  9.0 +/- 12.2 +/- 14.5 +/- 16.9       44
          1 h       18.0     26.0     31.3     38.0     43.0     48.0       50
                +/-  2.3 +/-  3.9 +/-  5.2 +/-  7.1 +/-  8.5 +/-  9.9       50
          2 h       12.3     17.0     20.1     24.0     26.9     29.8       50
                +/-  1.3 +/-  2.3 +/-  3.1 +/-  4.1 +/-  4.9 +/-  5.8       50
          6 h        6.7      8.7     10.0     11.7     12.9     14.1       51
                +/-  0.6 +/-  1.0 +/-  1.3 +/-  1.7 +/-  2.1 +/-  2.4       51
         12 h        4.4      5.5      6.3      7.2      8.0      8.7       49
                +/-  0.3 +/-  0.6 +/-  0.8 +/-  1.0 +/-  1.2 +/-  1.4       49
         24 h        2.5      3.2      3.7      4.3      4.7      5.1       51
                +/-  0.2 +/-  0.3 +/-  0.5 +/-  0.6 +/-  0.7 +/-  0.9       51
 
********************************************************************************
 
Table 3 : Interpolation Equation / Équation d'interpolation: R = A*T^B
 
R = Interpolated Rainfall rate (mm/h)/Intensité interpolée de la pluie (mm/h)
RR = Rainfall rate (mm/h) / Intensité de la pluie (mm/h)
 T = Rainfall duration (h) / Durée de la pluie (h)
 
********************************************************************************
 
       Statistics/Statistiques      2      5     10     25     50    100
                               yr/ans yr/ans yr/ans yr/ans yr/ans yr/ans
      Mean of RR/Moyenne de RR   24.7   35.1   42.0   50.6   57.1   63.5
    Std. Dev. /Écart-type (RR)   21.5   30.9   37.1   45.0   50.8   56.6
        Std. Error/Erreur-type    3.4    6.1    8.0   10.3   12.1   13.9
               Coefficient (A)   17.4   24.1   28.5   34.1   38.2   42.2
         Exponent/Exposant (B) -0.568 -0.593 -0.603 -0.613 -0.618 -0.622
 Mean % Error/% erreur moyenne    6.1    6.9    7.5    8.1    8.4    8.7
