                     Environment and Climate Change Canada
                 Environnement et Changement climatique Canada
                                        
           Short Duration Rainfall Intensity-Duration-Frequency Data
          Données sur l'intensité, la durée et la fréquence des chutes
                            de pluie de courte durée
                                        
                 Gumbel - Method of moments/Méthode des moments
                                        
                                   2022/10/31
                                        
================================================================================
 
 SYDNEY CS                                              NS        8205702       
                     
 Latitude:  46 10'N    Longitude: 60 2'W     Elevation/Altitude: 62         m
 
 Years/Années :  1961 - 2020          # Years/Années :     58   
 
================================================================================
 
********************************************************************************
 
Table 1 : Annual Maximum (mm)/Maximum annuel (mm)
 
********************************************************************************
 
          Year  5 min 10 min 15 min 30 min    1 h    2 h    6 h   12 h   24 h
         Année
          1961    7.6    9.1    9.4    9.7   12.7   22.9   37.1   51.8   56.6
          1962    4.8    5.3    7.6    8.4   13.5   19.8   39.9   59.2   60.7
          1963    3.8    6.1    7.9   10.4   17.0   25.7   45.5   72.9   93.0
          1964    5.1    6.1    8.4   14.7   20.8   32.0   54.4   57.7   74.2
          1966    5.3    8.6    9.9   13.5   18.0   21.8   40.1   46.2   55.9
          1967    4.3    6.9    9.1   12.7   20.3   30.0   46.7   66.3   96.8
          1968    8.6   13.2   15.7   18.5   23.4   25.7   45.7   57.4   79.0
          1969    4.8    7.6    8.1    9.9   18.3   29.2   55.1   69.3   69.6
          1970    5.3    8.1    9.9   15.5   22.9   35.6   48.5   58.2   63.8
          1971    4.1    6.6    8.4   15.7   26.7   33.3   47.5   55.1   56.9
          1972    7.1    8.9   11.4   13.5   19.0   26.4   40.6   45.2   51.6
          1973    4.1    5.8    6.9   10.9   13.2   22.1   43.9   62.7   73.4
          1974    5.3    8.1    9.7   15.7   17.3   25.9   42.2   52.6   53.6
          1975    3.3    4.3    5.6    7.9   11.7   15.7   34.5   56.6   86.1
          1976    4.3    7.1    9.1   11.4   21.8   30.5   47.5   64.3   86.1
          1977    5.8    9.9   12.7   15.0   21.8   32.8   48.8   57.4   59.9
          1978    7.5   10.7   12.5   13.9   14.5   22.7   46.1   47.9   58.8
          1979    5.3    9.1   10.8   16.8   19.0   23.2   48.1   50.3   51.6
          1980    7.1    9.2   12.9   18.8   21.3   24.3   41.9   53.9   65.0
          1981    7.1   13.1   19.6   33.3   52.1   69.2  115.9  124.8  134.8
          1982    2.2    3.8    4.6    7.3   11.9   20.6   43.2   58.3   85.4
          1983    5.7    8.3    9.7   13.5   17.0   28.1   64.2   66.8   66.8
          1984    6.2    8.8   11.6   19.9   27.0   39.0   49.3   60.5   61.5
          1985    5.5    7.3    7.6    8.2   11.6   17.9   33.2   39.7   48.6
          1986    3.3    5.4    6.4    8.3    9.6   16.2   32.9   41.4   64.2
          1987    4.4    8.5   10.7   16.0   20.7   27.3   53.6   69.5   73.2
          1988    3.8    6.8   10.0   14.8   16.0   27.4   49.9   75.5   81.0
          1989    6.0    6.8    7.3   11.3   17.9   26.9   52.0   54.0   54.0
          1990    4.6    7.0    9.0   11.4   18.2   24.7   41.0   56.6   81.0
          1991    4.9    5.9    7.8   12.0   15.4   20.5   29.6   45.8   64.0
          1993    4.8    5.4    7.7   10.5   20.1   29.7   48.2   65.3   67.5
          1994    3.7    6.4    7.3   12.7   14.6   28.6   38.2   47.5   61.9
          1995    9.8   11.7   14.4   16.2   18.2   25.2   29.6   41.6   55.5
          1996    8.1   13.0   16.7   21.3   23.0   31.0   60.2   71.3   75.8
          1997    8.3   12.5   14.1   14.9   17.8   20.8   41.1   51.8   66.4
          1998    7.5   10.0   12.8   18.9   28.5   35.4   59.0   82.4   84.1
          1999    4.8    8.4   11.2   13.4   16.8   30.2   37.2   44.6   67.4
          2000    6.8    7.7    8.6    9.5   16.6   31.6   73.6   85.6  110.8
          2001    4.3    7.0    8.8   14.8   19.4   24.4   46.2   52.8   67.4
          2002    4.6    8.8   12.6   19.0   21.4   33.2   48.0   55.0   64.0
          2003   10.0   12.8   18.2   29.6   36.4   44.8   60.2   83.8   86.4
          2004    3.6    5.0    5.8    7.4   10.8   13.6   24.6   30.0   47.8
          2005    5.4    7.0    7.4    8.6   15.4   19.4   37.6   55.4   71.6
          2006    4.6    7.4   11.0   13.4   18.6   28.6   45.2   52.2   74.0
          2007    7.2   10.0   13.6   17.6   20.4   24.8   51.0   65.2   66.6
          2008    5.6    9.2   11.8   15.4   15.6   17.4   27.8   36.6   48.6
          2009    5.2    9.8   13.4   22.4   35.8   37.8   57.2   71.2  101.4
          2010    6.0   11.8   15.2   18.4   25.2   35.8   57.3   75.7   80.4
          2011    4.4    8.6   12.6   20.4   29.8   40.0   51.8   57.6   63.6
          2012    8.2   14.8   18.0   25.2   48.8   66.2   69.0   69.0   69.8
          2013    3.0    5.6    6.8    7.6   12.0   17.2   33.2   39.6   61.6
          2014    4.6    7.2    8.0    9.0   12.0   18.8   27.8   32.0   43.6
          2015    4.8    7.6    8.4   13.2   15.0   22.6   40.2   46.6   46.6
          2016    4.6    7.8    9.0   13.6   24.0   41.8   88.0  162.2  194.4
          2017    3.4    4.8    5.2    6.0    8.2   13.6   25.0   35.0   42.4
          2018    2.6    4.2    5.6    8.2   13.2   19.8   49.8   50.0   51.2
          2019    7.4    7.8   10.0   12.4   16.6   25.2   42.6   55.4   66.6
          2020    7.6    8.0    8.6    9.6   12.8   23.0   30.6   33.2   41.8
        ---------------------------------------------------------------------
        # Yrs.     58     58     58     58     58     58     58     58     58
        Années
          Mean    5.5    8.2   10.2   14.1   19.6   27.9   46.9   59.1   70.5
       Moyenne
     Std. Dev.    1.7    2.5    3.4    5.4    8.2   10.3   15.1   20.9   23.9
    Écart-type
         Skew.   0.62   0.68   0.81   1.26   2.06   2.03   2.01   2.64   2.86
   Dissymétrie
      Kurtosis   3.05   3.30   3.44   5.50   8.64   9.16  10.31  13.80  15.28
 
          *-99.9 Indicates Missing Data/Données manquantes
 
 Warning: annual maximum amount greater than 100-yr return period amount
 Avertissement : la quantité maximale annuelle excède la quantité
                 pour une période de retour de 100 ans
          Year/Année      Duration/Durée        Data/Données          100-yr/ans
                1981              30 min                33.3                31.0
                1981               1 h                  52.1                45.5
                1981               2 h                  69.2                60.3
                1981               6 h                 115.9                94.1
                1981              12 h                 124.8               124.5
                2012               1 h                  48.8                45.5
                2012               2 h                  66.2                60.3
                2016              12 h                 162.2               124.5
                2016              24 h                 194.4               145.5
 
********************************************************************************
 
Table 2a : Return Period Rainfall Amounts (mm)
           Quantité de pluie (mm) par période de retour
 
********************************************************************************
 
 Duration/Durée        2        5       10       25       50      100   #Years
                  yr/ans   yr/ans   yr/ans   yr/ans   yr/ans   yr/ans   Années
          5 min      5.2      6.7      7.8      9.1     10.0     11.0       58
         10 min      7.7      9.9     11.4     13.2     14.6     15.9       58
         15 min      9.7     12.7     14.6     17.1     19.0     20.8       58
         30 min     13.2     18.0     21.1     25.1     28.1     31.0       58
          1 h       18.3     25.5     30.4     36.5     41.0     45.5       58
          2 h       26.2     35.3     41.4     49.0     54.7     60.3       58
          6 h       44.4     57.7     66.5     77.7     85.9     94.1       58
         12 h       55.7     74.1     86.3    101.7    113.1    124.5       58
         24 h       66.5     87.7    101.7    119.4    132.5    145.5       58
 
********************************************************************************
 
Table 2b :
 
 Return Period Rainfall Rates (mm/h) - 95% Confidence limits
 Intensité de la pluie (mm/h) par période de retour - Limites de confiance de 95%
 
********************************************************************************
 
 Duration/Durée        2        5       10       25       50      100   #Years
                  yr/ans   yr/ans   yr/ans   yr/ans   yr/ans   yr/ans   Années
          5 min     62.4     80.9     93.2    108.7    120.2    131.6       58
                +/-  5.0 +/-  8.3 +/- 11.3 +/- 15.2 +/- 18.2 +/- 21.2       58
         10 min     46.5     59.6     68.2     79.2     87.3     95.4       58
                +/-  3.5 +/-  5.9 +/-  8.0 +/- 10.7 +/- 12.8 +/- 15.0       58
         15 min     38.7     50.6     58.6     68.6     76.0     83.4       58
                +/-  3.2 +/-  5.4 +/-  7.3 +/-  9.8 +/- 11.7 +/- 13.7       58
         30 min     26.4     36.0     42.3     50.2     56.1     62.0       58
                +/-  2.5 +/-  4.3 +/-  5.8 +/-  7.8 +/-  9.3 +/- 10.9       58
          1 h       18.3     25.5     30.4     36.5     41.0     45.5       58
                +/-  1.9 +/-  3.3 +/-  4.4 +/-  6.0 +/-  7.1 +/-  8.3       58
          2 h       13.1     17.7     20.7     24.5     27.3     30.1       58
                +/-  1.2 +/-  2.1 +/-  2.8 +/-  3.7 +/-  4.5 +/-  5.2       58
          6 h        7.4      9.6     11.1     12.9     14.3     15.7       58
                +/-  0.6 +/-  1.0 +/-  1.3 +/-  1.8 +/-  2.2 +/-  2.5       58
         12 h        4.6      6.2      7.2      8.5      9.4     10.4       58
                +/-  0.4 +/-  0.7 +/-  0.9 +/-  1.3 +/-  1.5 +/-  1.8       58
         24 h        2.8      3.7      4.2      5.0      5.5      6.1       58
                +/-  0.2 +/-  0.4 +/-  0.5 +/-  0.7 +/-  0.9 +/-  1.0       58
 
********************************************************************************
 
Table 3 : Interpolation Equation / Équation d'interpolation: R = A*T^B
 
R = Interpolated Rainfall rate (mm/h)/Intensité interpolée de la pluie (mm/h)
RR = Rainfall rate (mm/h) / Intensité de la pluie (mm/h)
 T = Rainfall duration (h) / Durée de la pluie (h)
 
********************************************************************************
 
       Statistics/Statistiques      2      5     10     25     50    100
                               yr/ans yr/ans yr/ans yr/ans yr/ans yr/ans
      Mean of RR/Moyenne de RR   24.5   32.2   37.3   43.8   48.6   53.3
    Std. Dev. /Écart-type (RR)   20.8   26.8   30.8   35.8   39.5   43.3
        Std. Error/Erreur-type    2.4    3.8    4.8    6.1    7.1    8.0
               Coefficient (A)   17.8   23.6   27.4   32.3   35.9   39.4
         Exponent/Exposant (B) -0.542 -0.540 -0.539 -0.538 -0.537 -0.537
 Mean % Error/% erreur moyenne    5.4    6.7    7.3    7.8    8.1    8.4
