                     Environment and Climate Change Canada
                 Environnement et Changement climatique Canada
                                        
           Short Duration Rainfall Intensity-Duration-Frequency Data
          Données sur l'intensité, la durée et la fréquence des chutes
                            de pluie de courte durée
                                        
                 Gumbel - Method of moments/Méthode des moments
                                        
                                   2022/10/31
                                        
================================================================================
 
 SABLE ISLAND                                           NS        8204708       
                     
 Latitude:  43 57'N    Longitude: 60 1'W     Elevation/Altitude: 1          m
 
 Years/Années :  1962 - 2021          # Years/Années :     56   
 
================================================================================
 
********************************************************************************
 
Table 1 : Annual Maximum (mm)/Maximum annuel (mm)
 
********************************************************************************
 
          Year  5 min 10 min 15 min 30 min    1 h    2 h    6 h   12 h   24 h
         Année
          1962   13.5   18.5   22.6   34.8   47.0   57.7   61.0   62.5   62.5
          1963    6.1    8.4   10.4   13.0   21.1   26.4   50.5   55.6   67.1
          1964    7.1    8.9   10.2   11.4   15.7   26.7   49.5   72.9   80.3
          1965    8.4   11.4   14.2   17.8   18.8   22.4   31.0   41.7   49.3
          1966    8.9   10.7   12.4   15.7   20.8   21.1   37.6   44.4   52.1
          1967   10.7   16.8   19.0   21.3   25.9   31.2   48.3   59.4   66.0
          1968    4.1    5.8    6.6   10.2   15.0   21.6   46.5   70.6   74.4
          1969    5.8    8.9   12.4   22.1   43.7   47.8   75.2   92.7  109.5
          1970    4.6    7.6    9.7   16.0   22.6   32.0   49.3   55.9   56.1
          1971    5.1    6.6    7.4   10.2   17.5   26.7   38.6   42.7   42.7
          1972    6.1    8.6   10.2   11.4   17.5   23.4   35.6   47.8   51.3
          1973    6.1    8.4    9.9   14.2   23.4   35.8   55.4   67.8   68.6
          1974    5.3    7.6   10.9   17.5   20.3   22.9   40.6   43.2   52.1
          1975   15.0   17.5   22.1   31.5   40.4   48.3   61.7   66.5   66.8
          1976    6.6   13.0   14.2   18.8   27.4   34.3   66.0   78.2   78.2
          1977    4.8    6.1    7.1   12.2   20.6   23.4   55.1   73.2   73.4
          1978    4.0    5.6    6.8   11.2   22.3   32.0   62.8  104.7  132.4
          1979    8.2   11.3   13.1   16.4   17.0   25.9   35.5   47.3   48.3
          1980    7.4    9.2   12.5   15.7   18.9   31.1   46.5   50.5   74.3
          1981    6.9   10.4   14.8   18.1   21.7   26.2   48.2   55.5   71.9
          1982    9.5   13.1   15.0   21.8   27.7   28.7   47.9   66.6  100.4
          1983    4.1    7.1    9.5   14.4   24.4   38.7   68.6   95.4  114.3
          1984    4.1    6.9   10.5   16.9   20.9   27.4   55.5   57.2   57.2
          1985    8.6   15.2   17.3   23.7   25.2   42.7   48.8   86.8   94.7
          1986    6.4    8.1   11.8   23.4   34.2   47.8   86.6  105.2  116.0
          1987    6.3    7.2    9.0   13.2   19.0   24.2   43.2   46.6   62.8
          1988    6.6    8.1   11.1   19.3   26.9   34.8   55.0   60.0   60.0
          1989    5.3    7.6   11.1   16.7   23.7   33.1   43.4   43.7   61.2
          1990    3.7    6.0    8.6   10.6   13.3   20.2   59.8   97.6  103.4
          1991    8.1   10.7   11.1   17.6   26.8   36.0   64.7   83.2   86.1
          1992    8.7    9.9   12.5   15.2   16.3   23.6   42.7   59.0   68.2
          1993    8.4    9.1    9.9   14.1   22.9   33.7   59.4   65.6   83.7
          1994    7.9   14.9   19.1   27.5   35.4   43.5   58.9   86.3   93.7
          1995    9.6   13.0   16.8   23.7   25.9   43.1   85.7  104.2  112.4
          1996    5.2   10.1   12.4   18.6   28.2   28.5   49.2   61.6   67.0
          1997    5.0    8.4    9.8   13.8   14.5   19.9   35.7   41.6   45.9
          1998    7.9   14.0   19.0   20.3   25.0   46.0   66.0   92.3   97.9
          1999    9.1   15.3   18.3   22.4   25.2   30.1   36.1   44.7   68.9
          2000    7.3   10.0   13.6   20.0   26.2   26.6   42.9   66.9   72.4
          2001    4.9    7.3    9.6   12.3   20.1   37.4   60.0   87.7   90.2
          2002  -99.9  -99.9  -99.9  -99.9   25.0   43.8   62.3   63.0   63.0
          2003    7.8   11.2   13.8   21.0   29.3   31.8   40.6   46.0   61.0
          2004    7.0   12.7   16.2   23.2   38.4   54.2   73.1   81.0   81.0
          2005   11.4   12.1   17.1   20.4   30.4   33.4   53.2   53.6   53.6
          2006    8.3    9.2   11.2   20.6   24.4   26.0   43.6   47.3   47.3
          2007    9.3   10.4   13.7   24.2   40.4   70.2   93.6   98.0   98.1
          2008    3.7    6.1    9.0   13.2   18.9   24.5   37.2   42.7   49.7
          2009    6.0    9.1   11.0   16.5   18.9   23.4   31.6   42.9   46.4
          2010    6.0    9.6   11.1   13.8   19.9   21.8   49.2   77.2   81.7
          2011    8.1    9.9   11.3   14.2   19.2   30.8   50.8   56.0   59.1
          2012    6.6   11.1   14.6   21.0   21.5   25.0   35.6   44.4   44.4
          2013    6.3   12.5   13.5   20.8   26.7   34.2   49.8   51.7   57.4
          2017    3.2    5.4    7.4   11.8   17.8   22.0   33.0   34.4   41.6
          2018    5.6    9.0   11.6   21.0   32.6   48.8   84.6   94.4   95.8
          2019    5.6    9.6   11.6   13.6   18.8   21.2   29.2   35.6   42.6
          2020    6.8   12.6   17.8   25.0   31.8   39.2   56.6   66.8   75.6
          2021    6.0   10.6   14.6   18.8   20.6   35.0   38.4   56.8   84.6
        ---------------------------------------------------------------------
        # Yrs.     56     56     56     56     57     57     57     57     57
        Années
          Mean    6.9   10.1   12.6   17.9   24.5   32.8   52.1   64.5   72.2
       Moyenne
     Std. Dev.    2.3    3.1    3.7    5.2    7.4   10.6   14.8   19.8   21.7
    Écart-type
         Skew.   1.12   0.78   0.74   0.82   1.17   1.25   0.84   0.56   0.70
   Dissymétrie
      Kurtosis   5.21   3.42   3.34   4.09   4.32   4.81   3.60   2.34   3.00
 
          *-99.9 Indicates Missing Data/Données manquantes
 
 Warning: annual maximum amount greater than 100-yr return period amount
 Avertissement : la quantité maximale annuelle excède la quantité
                 pour une période de retour de 100 ans
          Year/Année      Duration/Durée        Data/Données          100-yr/ans
                1962              30 min                34.8                34.4
                1975               5 min                15.0                14.2
                2007               2 h                  70.2                65.9
 
********************************************************************************
 
Table 2a : Return Period Rainfall Amounts (mm)
           Quantité de pluie (mm) par période de retour
 
********************************************************************************
 
 Duration/Durée        2        5       10       25       50      100   #Years
                  yr/ans   yr/ans   yr/ans   yr/ans   yr/ans   yr/ans   Années
          5 min      6.6      8.6     10.0     11.7     13.0     14.2       56
         10 min      9.6     12.3     14.1     16.4     18.0     19.7       56
         15 min     12.0     15.3     17.5     20.3     22.3     24.3       56
         30 min     17.1     21.7     24.8     28.6     31.5     34.4       56
          1 h       23.2     29.8     34.1     39.5     43.6     47.6       57
          2 h       31.0     40.4     46.6     54.4     60.2     65.9       57
          6 h       49.6     62.7     71.4     82.3     90.5     98.5       57
         12 h       61.3     78.8     90.4    105.0    115.9    126.7       57
         24 h       68.7     87.8    100.5    116.6    128.5    140.3       57
 
********************************************************************************
 
Table 2b :
 
 Return Period Rainfall Rates (mm/h) - 95% Confidence limits
 Intensité de la pluie (mm/h) par période de retour - Limites de confiance de 95%
 
********************************************************************************
 
 Duration/Durée        2        5       10       25       50      100   #Years
                  yr/ans   yr/ans   yr/ans   yr/ans   yr/ans   yr/ans   Années
          5 min     78.8    103.5    119.8    140.4    155.7    170.9       56
                +/-  6.7 +/- 11.3 +/- 15.3 +/- 20.6 +/- 24.6 +/- 28.7       56
         10 min     57.4     73.7     84.5     98.2    108.3    118.3       56
                +/-  4.4 +/-  7.5 +/- 10.1 +/- 13.6 +/- 16.3 +/- 19.0       56
         15 min     48.1     61.3     70.0     81.0     89.2     97.3       56
                +/-  3.6 +/-  6.0 +/-  8.1 +/- 11.0 +/- 13.1 +/- 15.3       56
         30 min     34.1     43.4     49.5     57.3     63.0     68.8       56
                +/-  2.5 +/-  4.2 +/-  5.7 +/-  7.7 +/-  9.3 +/- 10.8       56
          1 h       23.2     29.8     34.1     39.5     43.6     47.6       57
                +/-  1.8 +/-  3.0 +/-  4.0 +/-  5.4 +/-  6.5 +/-  7.5       57
          2 h       15.5     20.2     23.3     27.2     30.1     33.0       57
                +/-  1.3 +/-  2.1 +/-  2.9 +/-  3.9 +/-  4.6 +/-  5.4       57
          6 h        8.3     10.5     11.9     13.7     15.1     16.4       57
                +/-  0.6 +/-  1.0 +/-  1.3 +/-  1.8 +/-  2.2 +/-  2.5       57
         12 h        5.1      6.6      7.5      8.8      9.7     10.6       57
                +/-  0.4 +/-  0.7 +/-  0.9 +/-  1.2 +/-  1.4 +/-  1.7       57
         24 h        2.9      3.7      4.2      4.9      5.4      5.8       57
                +/-  0.2 +/-  0.4 +/-  0.5 +/-  0.7 +/-  0.8 +/-  0.9       57
 
********************************************************************************
 
Table 3 : Interpolation Equation / Équation d'interpolation: R = A*T^B
 
R = Interpolated Rainfall rate (mm/h)/Intensité interpolée de la pluie (mm/h)
RR = Rainfall rate (mm/h) / Intensité de la pluie (mm/h)
 T = Rainfall duration (h) / Durée de la pluie (h)
 
********************************************************************************
 
       Statistics/Statistiques      2      5     10     25     50    100
                               yr/ans yr/ans yr/ans yr/ans yr/ans yr/ans
      Mean of RR/Moyenne de RR   30.4   39.2   45.0   52.3   57.8   63.2
    Std. Dev. /Écart-type (RR)   26.4   34.3   39.6   46.3   51.3   56.2
        Std. Error/Erreur-type    4.4    5.0    5.4    6.0    6.4    6.8
               Coefficient (A)   21.3   27.4   31.4   36.5   40.2   43.9
         Exponent/Exposant (B) -0.577 -0.579 -0.580 -0.581 -0.582 -0.582
 Mean % Error/% erreur moyenne    7.8    7.4    7.3    7.2    7.2    7.2
