                     Environment and Climate Change Canada
                 Environnement et Changement climatique Canada
                                        
           Short Duration Rainfall Intensity-Duration-Frequency Data
          Données sur l'intensité, la durée et la fréquence des chutes
                            de pluie de courte durée
                                        
                 Gumbel - Method of moments/Méthode des moments
                                        
                                   2022/10/31
                                        
================================================================================
 
 MONCTON INTL A                                         NB        8103201       
                     
 Latitude:  46 7'N     Longitude: 64 41'W    Elevation/Altitude: 70         m
 
 Years/Années :  1946 - 2016          # Years/Années :     67   
 
================================================================================
 
********************************************************************************
 
Table 1 : Annual Maximum (mm)/Maximum annuel (mm)
 
********************************************************************************
 
          Year  5 min 10 min 15 min 30 min    1 h    2 h    6 h   12 h   24 h
         Année
          1946    2.3    2.8    3.8    7.1   10.9   17.8   29.2   32.0   34.8
          1947    6.6   10.2   11.4   15.0   15.7   22.1   30.5   47.8   66.0
          1948   14.2   25.4   32.8   41.1   47.8   48.5   48.8   61.0   95.8
          1949    5.8    5.8    5.8    7.4   10.9   19.3   27.4   32.8   35.8
          1950    5.6    6.6    8.1   10.9   18.3   24.6   32.3   38.6   68.1
          1951    6.3   10.2   12.7   16.8   20.1   25.4   41.1   42.7   44.7
          1953    6.9   11.9   13.0   19.0   22.1   33.8   50.3   57.4   57.4
          1954    4.8    6.1    7.9   12.7   16.8   27.9   52.1   61.0   62.2
          1955    7.6   11.9   17.8   24.1   24.6   24.6   25.9   25.9   32.8
          1956    4.1    5.3    5.3    6.9   10.4   18.8   39.1   46.2   56.9
          1958    3.0    4.6    5.6    6.3   11.2   14.5   21.3   27.2   36.1
          1959   10.7   10.7   10.7   10.7   14.7   27.2   53.8   61.0   62.2
          1960    6.6   10.7   11.4   11.7   17.3   20.1   32.5   37.6   37.6
          1961    7.4    9.7   13.7   15.7   16.3   24.6   36.8   38.4   39.4
          1962    3.8    5.6    7.1   10.2   12.2   21.8   54.6   96.0  134.9
          1963    7.9   12.2   17.8   29.0   53.3   57.1   57.1   77.7   85.3
          1964    8.6   11.2   11.4   12.7   14.5   17.8   20.1   24.6   25.9
          1965    4.1    7.1    9.9   13.5   16.3   20.8   27.2   29.7   30.0
          1968    6.9   10.2   13.7   19.8   32.3   49.8   66.0   87.4  109.0
          1969    6.6   13.2   17.5   25.1   26.2   27.2   33.0   36.8   39.9
          1970    3.6    4.6    5.8    9.4   14.2   17.8   31.5   44.7   48.5
          1971    4.8    6.1    6.3   10.2   13.2   17.5   24.9   42.4   48.0
          1972    5.1    6.9    8.6   13.7   18.8   35.3   48.8   64.3   66.8
          1973    8.9   13.2   13.2   14.7   27.4   40.1   51.6   58.9   62.7
          1974   12.7   18.0   19.3   20.8   20.8   23.6   29.5   37.6   43.9
          1975    6.9   10.4   12.7   14.7   16.0   19.3   37.6   49.0   53.1
          1976    8.9   10.7   11.4   17.0   26.9   43.4   73.7   77.5   82.8
          1977    3.8    5.8    7.4   13.2   20.1   24.9   31.0   40.6   58.4
          1978    2.9    4.2    5.8   10.6   15.0   17.1   29.7   44.0   55.2
          1979    4.9    7.5   11.0   11.2   16.0   27.9   61.2   73.2   74.0
          1980    5.3    7.5    9.5   10.8   14.9   21.8   34.8   47.0   48.6
          1981    6.5    7.9    8.1   11.9   19.9   31.3   49.9   50.6   67.3
          1982    5.1    6.9   10.4   11.7   14.6   20.9   37.3   39.2   45.1
          1983    4.7    8.1   10.8   15.7   21.3   23.5   33.0   44.2   77.0
          1984    5.1    6.6    9.1   11.9   16.5   19.4   21.5   27.1   34.1
          1985   17.2   20.2   20.2   20.2   20.2   20.2   30.2   41.8   50.9
          1986    4.6    6.7    8.4   12.0   16.7   25.3   38.9   41.8   44.5
          1987    3.5    5.8    8.4    8.4   13.0   23.2   40.5   47.9   55.6
          1988    4.5    4.5    6.5    7.3   11.4   15.8   32.8   47.0   49.9
          1989    4.2    8.4   10.0   16.2   29.4   31.2   31.4   31.4   36.8
          1990    8.8   13.1   16.7   26.4   38.1   48.0   64.4   66.6   69.8
          1991    5.4    7.2    8.6   14.0   14.3   17.0   34.8   45.9   56.6
          1992    4.5    6.8    7.9   13.3   18.8   28.6   29.7   29.7   39.3
          1993    5.9    8.1    9.2   13.6   20.3   30.7   54.1   59.9   73.0
          1994    2.2    3.5    4.9    6.7   12.1   19.0   27.5   32.1   49.3
          1995    9.3   12.8   19.1   29.5   38.0   55.8   67.8   67.8   67.8
          1996    8.8   12.1   15.4   16.3   19.5   21.4   27.4   49.0   63.2
          1997    5.6    8.0    9.2   13.8   14.0   17.8   26.3   28.6   33.1
          1998    3.6    5.4    7.7   12.7   19.2   26.7   38.6   45.7   71.1
          1999    9.1   15.1   17.3   19.0   26.4   29.8   48.2   84.8  112.7
          2000    2.6    5.1    6.8    9.7   15.6   18.6   21.5   33.5   48.3
          2001    5.2    5.8    7.8   11.9   15.8   21.2   37.5   49.1   63.5
          2002    5.1    6.7    8.8   13.3   20.6   24.7   46.1   63.3   71.7
          2003    5.5    6.2    7.3    8.9   17.5   30.6   64.9   66.7   66.8
          2004    3.4    5.8    7.6   11.2   19.4   20.6   53.4   75.2   98.7
          2005    9.1   12.1   13.9   17.9   33.5   46.2   62.8  100.0  120.7
          2006   12.1   14.3   14.8   19.7   20.7   25.5   42.4   58.2   75.3
          2007    9.1   10.6   12.7   15.9   17.3   28.3   43.1   62.7   72.1
          2008    9.6   13.9   19.3   21.3   22.1   27.8   42.8   58.1   61.5
          2009   13.4   14.0   14.0   14.4   21.6   26.4   72.1   87.9   90.3
          2010    8.4   13.4   17.2   19.4   32.6   33.8   44.4   48.9   69.1
          2011    7.2    7.9   10.7   16.2   25.6   35.9   49.9   52.5   60.1
          2012    7.1   12.9   15.1   16.9   17.6   24.0   52.8   63.0   65.2
          2013    6.5    7.4    7.7   12.9   16.2   26.1   39.8   50.6   55.4
          2014    5.4    9.8   11.1   12.9   15.3   24.7   44.3   74.4  122.2
          2015    7.5    9.0    9.8   13.4   21.6   36.1   66.2   93.5  103.6
          2016    5.1    8.7    9.1   10.6   15.2   21.3   33.4   37.3   47.0
        ---------------------------------------------------------------------
        # Yrs.     67     67     67     67     67     67     67     67     67
        Années
          Mean    6.5    9.2   11.2   14.8   20.1   27.0   41.6   52.2   62.5
       Moyenne
     Std. Dev.    2.9    4.1    4.9    6.1    8.2    9.6   13.7   18.5   23.7
    Écart-type
         Skew.   1.27   1.33   1.57   1.73   1.95   1.46   0.56   0.74   1.06
   Dissymétrie
      Kurtosis   5.20   6.02   7.50   7.81   7.70   4.89   2.56   3.06   4.11
 
          *-99.9 Indicates Missing Data/Données manquantes
 
 Warning: annual maximum amount greater than 100-yr return period amount
 Avertissement : la quantité maximale annuelle excède la quantité
                 pour une période de retour de 100 ans
          Year/Année      Duration/Durée        Data/Données          100-yr/ans
                1948              10 min                25.4                22.0
                1948              15 min                32.8                26.5
                1948              30 min                41.1                33.8
                1948               1 h                  47.8                45.9
                1963               1 h                  53.3                45.9
                1985               5 min                17.2                15.7
 
********************************************************************************
 
Table 2a : Return Period Rainfall Amounts (mm)
           Quantité de pluie (mm) par période de retour
 
********************************************************************************
 
 Duration/Durée        2        5       10       25       50      100   #Years
                  yr/ans   yr/ans   yr/ans   yr/ans   yr/ans   yr/ans   Années
          5 min      6.1      8.7     10.4     12.5     14.2     15.7       67
         10 min      8.5     12.1     14.5     17.5     19.8     22.0       67
         15 min     10.4     14.7     17.6     21.2     23.8     26.5       67
         30 min     13.8     19.1     22.7     27.1     30.5     33.8       67
          1 h       18.8     26.0     30.8     36.9     41.5     45.9       67
          2 h       25.4     33.9     39.6     46.7     52.0     57.2       67
          6 h       39.3     51.4     59.4     69.6     77.1     84.6       67
         12 h       49.2     65.5     76.3     89.9    100.0    110.1       67
         24 h       58.6     79.5     93.3    110.8    123.8    136.7       67
 
********************************************************************************
 
Table 2b :
 
 Return Period Rainfall Rates (mm/h) - 95% Confidence limits
 Intensité de la pluie (mm/h) par période de retour - Limites de confiance de 95%
 
********************************************************************************
 
 Duration/Durée        2        5       10       25       50      100   #Years
                  yr/ans   yr/ans   yr/ans   yr/ans   yr/ans   yr/ans   Années
          5 min     72.8    103.9    124.5    150.5    169.8    189.0       67
                +/-  7.7 +/- 13.0 +/- 17.6 +/- 23.7 +/- 28.4 +/- 33.1       67
         10 min     51.3     72.8     87.1    105.2    118.6    131.8       67
                +/-  5.4 +/-  9.0 +/- 12.2 +/- 16.5 +/- 19.7 +/- 22.9       67
         15 min     41.6     58.8     70.2     84.7     95.4    106.0       67
                +/-  4.3 +/-  7.2 +/-  9.8 +/- 13.2 +/- 15.7 +/- 18.3       67
         30 min     27.5     38.2     45.3     54.3     60.9     67.5       67
                +/-  2.7 +/-  4.5 +/-  6.1 +/-  8.2 +/-  9.8 +/- 11.4       67
          1 h       18.8     26.0     30.8     36.9     41.5     45.9       67
                +/-  1.8 +/-  3.0 +/-  4.1 +/-  5.6 +/-  6.6 +/-  7.7       67
          2 h       12.7     17.0     19.8     23.4     26.0     28.6       67
                +/-  1.1 +/-  1.8 +/-  2.4 +/-  3.2 +/-  3.9 +/-  4.5       67
          6 h        6.6      8.6      9.9     11.6     12.8     14.1       67
                +/-  0.5 +/-  0.8 +/-  1.1 +/-  1.5 +/-  1.8 +/-  2.1       67
         12 h        4.1      5.5      6.4      7.5      8.3      9.2       67
                +/-  0.3 +/-  0.6 +/-  0.8 +/-  1.0 +/-  1.2 +/-  1.4       67
         24 h        2.4      3.3      3.9      4.6      5.2      5.7       67
                +/-  0.2 +/-  0.4 +/-  0.5 +/-  0.7 +/-  0.8 +/-  0.9       67
 
********************************************************************************
 
Table 3 : Interpolation Equation / Équation d'interpolation: R = A*T^B
 
R = Interpolated Rainfall rate (mm/h)/Intensité interpolée de la pluie (mm/h)
RR = Rainfall rate (mm/h) / Intensité de la pluie (mm/h)
 T = Rainfall duration (h) / Durée de la pluie (h)
 
********************************************************************************
 
       Statistics/Statistiques      2      5     10     25     50    100
                               yr/ans yr/ans yr/ans yr/ans yr/ans yr/ans
      Mean of RR/Moyenne de RR   26.4   37.1   44.2   53.2   59.8   66.4
    Std. Dev. /Écart-type (RR)   24.3   34.8   41.8   50.6   57.2   63.7
        Std. Error/Erreur-type    2.3    3.2    3.8    4.6    5.2    5.8
               Coefficient (A)   18.0   24.7   29.2   34.9   39.1   43.2
         Exponent/Exposant (B) -0.594 -0.608 -0.614 -0.619 -0.621 -0.624
 Mean % Error/% erreur moyenne    4.5    3.7    3.3    3.0    2.9    2.8
