                     Environment and Climate Change Canada
                 Environnement et Changement climatique Canada
                                        
           Short Duration Rainfall Intensity-Duration-Frequency Data
          Données sur l'intensité, la durée et la fréquence des chutes
                            de pluie de courte durée
                                        
                 Gumbel - Method of moments/Méthode des moments
                                        
                                   2022/10/31
                                        
================================================================================
 
 FREDERICTON CDA CS                                     NB        8101605       
                     
 Latitude:  45 55'N    Longitude: 66 37'W    Elevation/Altitude: 35         m
 
 Years/Années :  1959 - 2021          # Years/Années :     53   
 
================================================================================
 
********************************************************************************
 
Table 1 : Annual Maximum (mm)/Maximum annuel (mm)
 
********************************************************************************
 
          Year  5 min 10 min 15 min 30 min    1 h    2 h    6 h   12 h   24 h
         Année
          1959   13.2   15.7   17.8   19.6   22.4   22.6   34.8   51.3   73.2
          1960    7.9   12.2   14.7   19.6   20.6   29.2   72.4   79.2   79.2
          1961    7.1   10.4   12.4   16.8   23.9   30.7   50.8   96.0  111.8
          1962    8.9   10.2   11.4   11.4   17.8   25.9   32.3   32.3   50.8
          1963    7.1    9.9   12.7   15.7   18.5   20.6   32.5   46.5   72.6
          1964    9.9   10.4   10.7   11.7   19.3   33.0   42.7   44.7   46.0
          1965    6.3   11.7   13.5   16.0   17.3   20.6   41.7   56.1   71.1
          1966    9.1   14.2   17.5   20.1   22.6   23.4   28.4   38.9   41.4
          1967    2.8    4.8    6.3    9.7   15.2   17.5   26.7   43.2   50.5
          1968    6.9   13.7   15.2   17.5   19.6   19.6   24.4   34.8   54.6
          1969    5.8    5.8    7.1   10.7   17.3   25.4   38.9   54.9   75.2
          1970   14.7   23.1   25.4   26.9   26.9   29.0   53.8   59.4   95.8
          1971    9.4   18.0   18.0   21.8   21.8   40.1   46.5   48.8   50.3
          1972    3.6    5.6    8.1   12.7   13.7   20.6   29.2   39.1   46.7
          1973    8.4   11.4   11.9   14.2   19.6   24.9   46.7   49.3   61.7
          1974    6.9    9.1    9.7   17.3   21.8   23.1   44.4   45.2   57.7
          1975    5.3    6.6    7.4    9.4   11.4   13.2   19.6   28.7   42.2
          1976    9.9   15.0   18.0   21.1   34.5   51.8   73.9   74.4   83.6
          1977    7.9    8.1    8.9   10.9   16.0   27.7   52.8   62.0   71.6
          1978    9.5   11.1   12.7   14.0   15.3   19.5   31.8   42.4   53.0
          1979    5.6    7.4    7.9   11.6   14.4   22.1   39.9   53.9   67.6
          1980    5.5   10.7   11.4   11.7   20.7   30.3   37.9   40.4   40.4
          1981    7.7    9.4   14.3   14.8   17.0   23.3   37.1   59.0   63.0
          1982    4.7    5.9    7.6   10.9   17.9   33.6   48.0   48.6   53.5
          1983    9.1   11.9   12.1   12.1   13.4   16.9   30.2   40.1   53.1
          1984    5.9    9.4   12.6   15.4   19.7   21.2   22.7   35.4   41.3
          1985    7.4    8.5    9.6   11.2   14.5   16.7   24.3   28.1   33.5
          1986    3.6    6.6    9.0   12.8   18.0   25.5   31.9   32.1   36.2
          1987  -99.9  -99.9  -99.9  -99.9  -99.9  -99.9  -99.9  -99.9   55.6
          1988    6.0    7.6    7.6    8.5   12.0   13.5  -99.9  -99.9   64.0
          1989    5.8    7.5    7.8    8.7   11.9   21.7  -99.9   50.0   75.0
          1991    5.1    7.0    9.3   11.8   16.8   27.5   46.7   54.8   61.5
          1993    8.7   12.2   13.4   14.3   18.2   21.2   34.6   50.9   57.2
          1994    6.9   10.2   13.8   15.8   17.3   21.8   51.9   58.4   66.1
          1995    7.2    7.2   10.3   14.4   17.9   23.6   37.9   49.4   50.4
          1996    6.4   10.2   11.1   14.6   18.2   25.4   47.6   63.2   70.4
          1997    7.1   11.4   13.0   15.7   20.4   25.4   29.6   29.8   34.9
          1998    7.7   11.9   14.6   26.9   36.8   40.2  -99.9  -99.9   60.6
          1999    4.7    7.9   11.9   20.8   32.7   48.3   83.0   87.2   93.1
          2001    4.8    7.8    9.2   11.8   16.0   17.0   22.6   25.8   42.4
          2002  -99.9  -99.9  -99.9  -99.9  -99.9  -99.9  -99.9  -99.9   70.3
          2003    6.2    9.6   11.0   16.2   26.4   34.4   40.0   42.2   50.8
          2004    4.0    7.0    8.6   11.4   17.6   32.0   49.4   50.0   72.8
          2006    7.2   14.4   21.6   22.4   26.2   37.4   44.0   48.4   62.4
          2007    4.0    6.0    6.6    7.0   11.6   17.8   30.0   51.4   58.4
          2008    5.0    7.2    8.0   11.6   17.0   28.0   60.0   78.2   85.4
          2009    7.4   12.2   13.6   16.0   23.4   25.6   39.6   54.8   54.8
          2010  -99.9  -99.9  -99.9  -99.9   70.7   70.7   70.7   78.1  101.7
          2011    4.6    8.4   11.4   13.2   18.8   21.8   46.4   47.4   71.7
          2012    6.6   12.0   15.6   26.2   28.8   30.0   43.0   72.8   78.0
          2013    8.8   12.6   12.8   12.8   12.8   20.2   44.4   82.2  101.4
          2014    5.6    7.6    9.0    9.6   14.4   23.0   48.8   78.4   92.4
          2015    4.2    5.8    6.8   12.8   23.0   36.4   65.0   98.4  128.2
          2017   12.4   19.8   23.4   25.2   25.4   29.2   29.2   40.6   57.2
          2018   13.0   17.0   17.6   18.0   27.8   33.0   35.4   46.4   49.4
          2019  -99.9  -99.9  -99.9  -99.9  -99.9   28.4   49.8   55.0   61.8
          2020   11.2   18.4   19.6   20.0   20.0   20.0   36.4   52.0   64.6
          2021    8.0   12.2   14.6   26.0   33.2   37.0   53.8   58.2   63.0
        ---------------------------------------------------------------------
        # Yrs.     54     54     54     54     55     56     53     54     58
        Années
          Mean    7.2   10.5   12.3   15.4   20.8   27.1   42.2   53.1   64.4
       Moyenne
     Std. Dev.    2.5    3.9    4.3    5.0    9.0    9.8   13.8   17.0   19.4
    Écart-type
         Skew.   0.89   1.06   0.97   0.80   3.41   2.02   0.88   0.84   1.00
   Dissymétrie
      Kurtosis   3.98   4.30   3.96   3.06  19.77   9.37   3.94   3.52   4.36
 
          *-99.9 Indicates Missing Data/Données manquantes
 
 Warning: annual maximum amount greater than 100-yr return period amount
 Avertissement : la quantité maximale annuelle excède la quantité
                 pour une période de retour de 100 ans
          Year/Année      Duration/Durée        Data/Données          100-yr/ans
                1970              10 min                23.1                22.8
                2010               1 h                  70.7                49.1
                2010               2 h                  70.7                58.0
                2015              24 h                 128.2               125.3
 
********************************************************************************
 
Table 2a : Return Period Rainfall Amounts (mm)
           Quantité de pluie (mm) par période de retour
 
********************************************************************************
 
 Duration/Durée        2        5       10       25       50      100   #Years
                  yr/ans   yr/ans   yr/ans   yr/ans   yr/ans   yr/ans   Années
          5 min      6.8      9.0     10.5     12.4     13.8     15.2       54
         10 min      9.9     13.3     15.6     18.5     20.6     22.8       54
         15 min     11.6     15.5     18.0     21.2     23.6     25.9       54
         30 min     14.5     19.0     21.9     25.7     28.4     31.2       54
          1 h       19.4     27.3     32.6     39.2     44.2     49.1       55
          2 h       25.5     34.2     40.0     47.2     52.6     58.0       56
          6 h       39.9     52.1     60.2     70.4     78.0     85.5       53
         12 h       50.3     65.3     75.3     87.8     97.1    106.4       54
         24 h       61.2     78.3     89.7    104.1    114.7    125.3       58
 
********************************************************************************
 
Table 2b :
 
 Return Period Rainfall Rates (mm/h) - 95% Confidence limits
 Intensité de la pluie (mm/h) par période de retour - Limites de confiance de 95%
 
********************************************************************************
 
 Duration/Durée        2        5       10       25       50      100   #Years
                  yr/ans   yr/ans   yr/ans   yr/ans   yr/ans   yr/ans   Années
          5 min     81.4    108.3    126.2    148.8    165.5    182.1       54
                +/-  7.5 +/- 12.6 +/- 17.0 +/- 22.9 +/- 27.4 +/- 32.0       54
         10 min     59.3     79.9     93.6    110.9    123.8    136.5       54
                +/-  5.7 +/-  9.6 +/- 13.0 +/- 17.6 +/- 21.0 +/- 24.5       54
         15 min     46.5     61.8     71.9     84.7     94.2    103.7       54
                +/-  4.2 +/-  7.1 +/-  9.6 +/- 13.0 +/- 15.6 +/- 18.1       54
         30 min     29.1     38.0     43.9     51.3     56.9     62.3       54
                +/-  2.5 +/-  4.2 +/-  5.6 +/-  7.6 +/-  9.1 +/- 10.6       54
          1 h       19.4     27.3     32.6     39.2     44.2     49.1       55
                +/-  2.2 +/-  3.7 +/-  5.0 +/-  6.7 +/-  8.0 +/-  9.3       55
          2 h       12.7     17.1     20.0     23.6     26.3     29.0       56
                +/-  1.2 +/-  2.0 +/-  2.7 +/-  3.6 +/-  4.3 +/-  5.1       56
          6 h        6.7      8.7     10.0     11.7     13.0     14.2       53
                +/-  0.6 +/-  1.0 +/-  1.3 +/-  1.7 +/-  2.1 +/-  2.4       53
         12 h        4.2      5.4      6.3      7.3      8.1      8.9       54
                +/-  0.3 +/-  0.6 +/-  0.8 +/-  1.1 +/-  1.3 +/-  1.5       54
         24 h        2.5      3.3      3.7      4.3      4.8      5.2       58
                +/-  0.2 +/-  0.3 +/-  0.4 +/-  0.6 +/-  0.7 +/-  0.8       58
 
********************************************************************************
 
Table 3 : Interpolation Equation / Équation d'interpolation: R = A*T^B
 
R = Interpolated Rainfall rate (mm/h)/Intensité interpolée de la pluie (mm/h)
RR = Rainfall rate (mm/h) / Intensité de la pluie (mm/h)
 T = Rainfall duration (h) / Durée de la pluie (h)
 
********************************************************************************
 
       Statistics/Statistiques      2      5     10     25     50    100
                               yr/ans yr/ans yr/ans yr/ans yr/ans yr/ans
      Mean of RR/Moyenne de RR   29.1   38.9   45.4   53.6   59.6   65.7
    Std. Dev. /Écart-type (RR)   27.7   37.0   43.1   50.9   56.7   62.4
        Std. Error/Erreur-type    2.7    4.3    5.4    6.8    7.9    8.9
               Coefficient (A)   19.1   25.4   29.6   34.9   38.8   42.6
         Exponent/Exposant (B) -0.614 -0.621 -0.624 -0.627 -0.628 -0.630
 Mean % Error/% erreur moyenne    3.4    4.6    5.1    5.6    5.9    6.1
