                     Environment and Climate Change Canada
                 Environnement et Changement climatique Canada
                                        
           Short Duration Rainfall Intensity-Duration-Frequency Data
          Données sur l'intensité, la durée et la fréquence des chutes
                            de pluie de courte durée
                                        
                 Gumbel - Method of moments/Méthode des moments
                                        
                                   2022/10/31
                                        
================================================================================
 
 SUDBURY CLIMATE                                        ON        6068145       
                     
 Latitude:  46 38'N    Longitude: 80 48'W    Elevation/Altitude: 348        m
 
 Years/Années :  1971 - 2021          # Years/Années :     48   
 
================================================================================
 
********************************************************************************
 
Table 1 : Annual Maximum (mm)/Maximum annuel (mm)
 
********************************************************************************
 
          Year  5 min 10 min 15 min 30 min    1 h    2 h    6 h   12 h   24 h
         Année
          1971    4.3    6.6    7.4    9.4   13.2   16.0   32.3   42.7   42.9
          1972   15.5   23.9   25.1   36.8   50.3   61.7   71.9   81.3   93.7
          1973   10.2   11.9   12.7   13.5   14.0   17.0   27.9   37.8   38.6
          1974    7.4   13.2   14.2   20.8   26.9   27.4   33.0   43.4   46.5
          1975    3.8    5.8    8.4   11.2   14.5   19.8   24.9   32.0   33.0
          1976    7.6   12.2   14.7   16.3   16.3   20.1   37.6   56.9   84.3
          1977    8.1   12.7   14.2   19.0   24.6   26.9   43.2   69.8   91.7
          1978    7.6   10.8   12.1   16.3   21.6   28.2   39.8   58.5   62.2
          1979    7.3    8.3   11.3   13.1   15.4   19.9   33.9   42.6   53.9
          1980    4.4    5.1    5.2    7.4   12.4   19.0   27.6   30.4   47.4
          1981    9.9   12.0   13.6   16.3   22.3   38.9   60.1   61.1   61.1
          1982    3.7    4.8    7.1   11.0   14.3   22.0   32.3   38.0   39.9
          1983    6.5   12.5   16.2   17.0   17.3   20.8   35.1   42.8   44.6
          1984    9.9   11.0   11.4   12.0   18.4   27.3   32.8   43.4   45.5
          1985    7.8    9.7   14.0   22.3   32.8   38.8   55.6   55.6   55.6
          1986    4.3    6.4    8.0    9.5   12.6   13.9   23.2   24.0   29.2
          1987    5.2   10.2   14.6   24.4   31.4   37.6   39.6   39.8   39.8
          1988   11.9   15.7   17.7   20.7   29.6   44.3   55.5   64.8   65.9
          1989   13.8   18.4   25.3   40.3   44.4   44.5   44.5   58.3   61.7
          1990    5.9    7.8    9.0   11.4   18.7   25.2   40.0   60.7   70.9
          1991    5.9    8.6   12.3   17.3   25.3   26.2   39.6   42.2   62.7
          1992    7.4    9.9   10.7   12.2   15.8   18.6   31.2   40.8   43.6
          1993    6.3    8.3   11.8   16.7   17.1   17.6   17.6   23.8   31.8
          1994    5.6    9.7   14.5   19.4   20.6   23.4   33.4   39.2   39.2
          1995    7.1   12.5   17.3   31.7   34.4   34.6   35.0   35.0   39.7
          1996    4.3    8.4   10.3   14.6   17.6   19.3   23.4   29.7   46.4
          1997    7.9   13.4   16.9   23.8   24.2   26.9   56.8   70.5   75.4
          1998   12.7   18.2   23.1   28.0   35.0   54.9   64.0   64.4   64.4
          1999   12.3   16.9   21.4   23.4   23.4   26.7   39.1   50.7   74.8
          2000    6.4   10.1   12.9   15.6   17.7   23.9   31.6   31.8   31.8
          2001    5.1    7.5    8.7   13.7   17.3   21.4   34.6   41.7   46.8
          2002   13.4   19.8   22.1   26.6   31.9   33.6   34.0   34.0   34.0
          2004    5.3    8.8   11.1   15.2   17.7   23.2   31.2   32.6   49.3
          2005    4.4    5.5    6.7   11.2   13.2   14.8   28.3   35.5   35.9
          2006    4.8    7.5    9.6   12.8   13.4   18.1   29.2   39.8   42.2
          2007    4.9    5.6    6.2    7.6    8.6   13.1   32.9   34.9   34.9
          2009    4.5    6.7    8.5   14.6   15.2   16.7   29.3   39.4   45.9
          2010    7.5    8.4    9.8   10.8   14.8   19.8   27.8   42.9   52.7
          2011    7.2   12.1   13.0   16.0   20.3   22.2   29.1   31.2   34.3
          2012  -99.9  -99.9  -99.9  -99.9   23.7   25.1   26.1   33.1   47.4
          2013    4.2    7.4    9.4   10.6   12.8   17.6   22.4   32.2   32.8
          2014    7.4    9.9   10.9   15.0   18.3   28.2   37.0   45.1   62.9
          2015    9.8   13.4   18.4   21.2   23.2   27.4   34.6   35.2   35.8
          2016    9.2   16.4   20.8   24.8   25.4   25.4   27.2   27.4   29.6
          2017   11.0   14.6   15.0   20.8   21.0   21.2   27.4   33.0   38.4
          2018    9.2   12.4   16.8   18.2   18.6   23.6   30.0   38.2   38.2
          2019    7.6   10.6   12.6   15.4   23.4   38.2   38.6   38.8   41.2
          2020   10.2   17.6   20.0   27.8   36.2   36.2   52.6   55.2   65.2
          2021    8.6   13.4   15.0   19.2   19.2   25.2   38.4   38.4   38.6
        ---------------------------------------------------------------------
        # Yrs.     48     48     48     48     49     49     49     49     49
        Années
          Mean    7.6   11.1   13.5   17.8   21.6   26.4   36.2   43.3   49.5
       Moyenne
     Std. Dev.    2.9    4.2    5.0    7.1    8.5   10.2   11.3   13.0   16.2
    Écart-type
         Skew.   0.79   0.82   0.64   1.16   1.35   1.52   1.33   0.99   1.07
   Dissymétrie
      Kurtosis   3.21   3.71   3.06   4.64   5.15   5.73   4.79   3.57   3.69
 
          *-99.9 Indicates Missing Data/Données manquantes
 
 Warning: annual maximum amount greater than 100-yr return period amount
 Avertissement : la quantité maximale annuelle excède la quantité
                 pour une période de retour de 100 ans
          Year/Année      Duration/Durée        Data/Données          100-yr/ans
                1972               1 h                  50.3                48.3
                1972               2 h                  61.7                58.3
                1972               6 h                  71.9                71.6
                1989              30 min                40.3                40.2
 
********************************************************************************
 
Table 2a : Return Period Rainfall Amounts (mm)
           Quantité de pluie (mm) par période de retour
 
********************************************************************************
 
 Duration/Durée        2        5       10       25       50      100   #Years
                  yr/ans   yr/ans   yr/ans   yr/ans   yr/ans   yr/ans   Années
          5 min      7.1      9.7     11.4     13.6     15.2     16.8       48
         10 min     10.4     14.1     16.6     19.7     22.1     24.4       48
         15 min     12.7     17.1     20.0     23.6     26.4     29.1       48
         30 min     16.6     22.9     27.1     32.4     36.3     40.2       48
          1 h       20.2     27.7     32.7     39.0     43.7     48.3       49
          2 h       24.7     33.7     39.7     47.2     52.8     58.3       49
          6 h       34.3     44.3     50.9     59.3     65.5     71.6       49
         12 h       41.1     52.7     60.3     69.9     77.1     84.2       49
         24 h       46.8     61.1     70.5     82.5     91.4    100.1       49
 
********************************************************************************
 
Table 2b :
 
 Return Period Rainfall Rates (mm/h) - 95% Confidence limits
 Intensité de la pluie (mm/h) par période de retour - Limites de confiance de 95%
 
********************************************************************************
 
 Duration/Durée        2        5       10       25       50      100   #Years
                  yr/ans   yr/ans   yr/ans   yr/ans   yr/ans   yr/ans   Années
          5 min     85.6    116.5    137.0    162.8    182.0    201.0       48
                +/-  9.1 +/- 15.3 +/- 20.7 +/- 27.9 +/- 33.3 +/- 38.8       48
         10 min     62.4     84.8     99.7    118.5    132.4    146.2       48
                +/-  6.6 +/- 11.1 +/- 15.0 +/- 20.2 +/- 24.2 +/- 28.2       48
         15 min     50.7     68.3     79.9     94.6    105.5    116.3       48
                +/-  5.2 +/-  8.7 +/- 11.7 +/- 15.8 +/- 18.9 +/- 22.0       48
         30 min     33.2     45.8     54.2     64.7     72.6     80.3       48
                +/-  3.7 +/-  6.2 +/-  8.4 +/- 11.4 +/- 13.6 +/- 15.9       48
          1 h       20.2     27.7     32.7     39.0     43.7     48.3       49
                +/-  2.2 +/-  3.7 +/-  5.0 +/-  6.7 +/-  8.1 +/-  9.4       49
          2 h       12.4     16.9     19.8     23.6     26.4     29.2       49
                +/-  1.3 +/-  2.2 +/-  3.0 +/-  4.0 +/-  4.8 +/-  5.6       49
          6 h        5.7      7.4      8.5      9.9     10.9     11.9       49
                +/-  0.5 +/-  0.8 +/-  1.1 +/-  1.5 +/-  1.8 +/-  2.1       49
         12 h        3.4      4.4      5.0      5.8      6.4      7.0       49
                +/-  0.3 +/-  0.5 +/-  0.6 +/-  0.9 +/-  1.0 +/-  1.2       49
         24 h        2.0      2.5      2.9      3.4      3.8      4.2       49
                +/-  0.2 +/-  0.3 +/-  0.4 +/-  0.5 +/-  0.6 +/-  0.7       49
 
********************************************************************************
 
Table 3 : Interpolation Equation / Équation d'interpolation: R = A*T^B
 
R = Interpolated Rainfall rate (mm/h)/Intensité interpolée de la pluie (mm/h)
RR = Rainfall rate (mm/h) / Intensité de la pluie (mm/h)
 T = Rainfall duration (h) / Durée de la pluie (h)
 
********************************************************************************
 
       Statistics/Statistiques      2      5     10     25     50    100
                               yr/ans yr/ans yr/ans yr/ans yr/ans yr/ans
      Mean of RR/Moyenne de RR   30.6   41.6   48.9   58.0   64.8   71.6
    Std. Dev. /Écart-type (RR)   29.7   40.5   47.6   56.5   63.2   69.8
        Std. Error/Erreur-type    6.2    9.1   11.1   13.6   15.5   17.4
               Coefficient (A)   18.8   25.2   29.4   34.8   38.8   42.7
         Exponent/Exposant (B) -0.678 -0.689 -0.694 -0.698 -0.701 -0.703
 Mean % Error/% erreur moyenne    6.9    7.6    8.0    8.4    8.7    8.9
