                     Environment and Climate Change Canada
                 Environnement et Changement climatique Canada
                                        
           Short Duration Rainfall Intensity-Duration-Frequency Data
          Données sur l'intensité, la durée et la fréquence des chutes
                            de pluie de courte durée
                                        
                 Gumbel - Method of moments/Méthode des moments
                                        
                                   2022/10/31
                                        
================================================================================
 
 SIOUX LOOKOUT A                                        ON        6037775       
                     
 Latitude:  50 7'N     Longitude: 91 54'W    Elevation/Altitude: 383        m
 
 Years/Années :  1963 - 2017          # Years/Années :     46   
 
================================================================================
 
********************************************************************************
 
Table 1 : Annual Maximum (mm)/Maximum annuel (mm)
 
********************************************************************************
 
          Year  5 min 10 min 15 min 30 min    1 h    2 h    6 h   12 h   24 h
         Année
          1963   14.2   17.0   17.5   17.8   30.2   49.0   50.5   50.5   50.5
          1964    5.8   10.7   12.2   14.2   14.5   19.3   29.7   42.9   59.9
          1965   10.2   11.7   11.9   12.4   14.5   16.8   20.8   22.6   29.5
          1966   18.0   23.6   26.9   39.9   47.0   48.0   48.5   51.3   59.2
          1967   14.0   23.1   27.4   38.9   41.7   41.9   41.9   51.1   52.3
          1968    5.8    8.4    9.1   11.9   16.3   23.4   38.6   42.9   51.3
          1969    6.9   12.4   15.5   21.6   28.4   52.3   61.5   73.4   74.7
          1970    8.9   11.4   12.4   13.7   18.3   23.6   34.3   39.6   47.5
          1971    3.3    6.1    7.1   12.4   12.4   13.7   30.2   41.1   47.5
          1972    3.3    3.8    4.8    6.6   10.9   15.0   33.5   42.4   42.4
          1973   12.7   22.4   29.2   33.8   35.3   36.8   36.8   38.1   49.0
          1974   10.9   15.2   17.3   24.4   25.1   25.1   27.9   36.1   53.3
          1975    9.4   14.5   15.5   17.0   19.3   21.6   23.6   26.4   29.7
          1976    6.1    7.6    9.4   11.7   14.5   16.0   19.8   21.1   28.7
          1977    6.3   11.2   15.5   15.7   15.7   18.0   27.4   30.2   33.8
          1978    8.5   12.0   13.2   15.5   17.9   24.8   33.6   33.6   41.0
          1979   11.4   14.3   15.6   15.6   15.6   15.8   20.0   25.4   29.0
          1981    4.6    6.2    7.1   11.1   14.7   16.0   25.2   26.8   28.8
          1982    6.8   10.6   14.2   17.6   23.1   23.2   26.8   35.9   45.7
          1983    4.0    7.6   11.2   13.0   13.0   20.3   36.8   46.0   48.7
          1984    3.7    5.1    6.1    9.5   19.0   24.9   26.3   35.0   35.0
          1985   13.3   18.7   21.7   22.5   22.5   35.8   57.8   61.7   70.8
          1986    9.6   10.9   12.4   15.3   27.4   44.1   47.2   47.2   47.2
          1987    9.0   10.3   12.1   19.9   27.5   36.8   41.8   41.8   43.9
          1988   12.0   22.7   24.0   29.2   30.0   30.2   32.9   33.4   42.4
          1989    8.2   12.3   13.7   23.5   27.3   27.5   29.3   35.4   42.6
          1990    8.8   10.1   10.8   12.3   18.0   29.7   45.8   46.2   56.4
          1991    9.9   11.6   14.4   20.7   23.5   27.4   49.2   54.4   55.8
          1993    9.4   12.1   13.5   19.5   22.7   37.8   44.1   44.1   49.2
          1994    8.3   10.1   11.2   17.5   21.7   23.8   29.7   33.7   39.0
          1995    6.1    7.7   10.5   13.1   18.2   26.1   45.2   46.2   47.9
          1996    3.5    5.4    6.8    7.5    8.6   12.4   24.5   29.1   37.6
          1997    8.8   12.9   14.7   16.0   17.0   19.6   22.6   29.1   29.3
          1999    6.9   11.3   13.3   17.3   27.9   35.9   62.1   79.2   93.8
          2000    6.4   10.6   12.8   17.2   23.2   29.4   43.3   67.0   81.9
          2001    9.5   15.7   20.0   25.6   31.4   36.9   73.1   87.3   88.1
          2002    5.3    8.6   12.8   21.2   26.1   33.3   41.7   49.1   57.0
          2005   17.2   27.2   30.7   42.8   50.6   82.7  100.8  101.1  125.9
          2006   11.2   17.1   21.5   22.2   22.2   23.2   23.9   43.4   43.5
          2007   12.0   17.3   20.1   20.4   22.4   33.9   42.5   51.5   52.2
          2010    9.3   14.5   16.9   21.7   22.1   26.0   43.0   56.0   59.3
          2012    9.1   11.6   14.6   18.2   21.6   27.8   57.9   63.8   64.0
          2013    9.6   15.4   20.8   28.6   32.0   32.8   36.8   49.2   51.8
          2014   11.5   16.5   19.4   24.5   27.1   30.7   37.7   38.7   38.9
          2016    7.6    9.8   11.8   13.4   16.0   18.6   29.2   34.0   36.8
          2017    6.6    9.0   11.0   12.4   14.8   15.8   29.2   49.6   51.6
        ---------------------------------------------------------------------
        # Yrs.     46     46     46     46     46     46     46     46     46
        Années
          Mean    8.8   12.7   15.0   19.1   22.8   28.8   38.8   45.3   51.0
       Moyenne
     Std. Dev.    3.4    5.2    6.0    8.1    8.8   12.7   15.4   16.6   18.7
    Écart-type
         Skew.   0.57   0.84   0.85   1.25   1.20   1.88   1.73   1.34   1.84
   Dissymétrie
      Kurtosis   3.52   3.70   3.64   4.72   4.99   8.97   7.75   5.45   8.03
 
          *-99.9 Indicates Missing Data/Données manquantes
 
 Warning: annual maximum amount greater than 100-yr return period amount
 Avertissement : la quantité maximale annuelle excède la quantité
                 pour une période de retour de 100 ans
          Year/Année      Duration/Durée        Data/Données          100-yr/ans
                2005               1 h                  50.6                50.6
                2005               2 h                  82.7                68.7
                2005               6 h                 100.8                87.3
                2005              12 h                 101.1                97.2
                2005              24 h                 125.9               109.8
 
********************************************************************************
 
Table 2a : Return Period Rainfall Amounts (mm)
           Quantité de pluie (mm) par période de retour
 
********************************************************************************
 
 Duration/Durée        2        5       10       25       50      100   #Years
                  yr/ans   yr/ans   yr/ans   yr/ans   yr/ans   yr/ans   Années
          5 min      8.2     11.2     13.2     15.8     17.7     19.5       46
         10 min     11.8     16.5     19.5     23.4     26.2     29.1       46
         15 min     14.0     19.3     22.9     27.3     30.6     33.9       46
         30 min     17.7     24.9     29.6     35.6     40.0     44.4       46
          1 h       21.4     29.2     34.3     40.9     45.7     50.6       46
          2 h       26.7     37.9     45.4     54.8     61.8     68.7       46
          6 h       36.3     49.9     59.0     70.4     78.9     87.3       46
         12 h       42.6     57.2     66.9     79.2     88.2     97.2       46
         24 h       47.9     64.4     75.4     89.3     99.6    109.8       46
 
********************************************************************************
 
Table 2b :
 
 Return Period Rainfall Rates (mm/h) - 95% Confidence limits
 Intensité de la pluie (mm/h) par période de retour - Limites de confiance de 95%
 
********************************************************************************
 
 Duration/Durée        2        5       10       25       50      100   #Years
                  yr/ans   yr/ans   yr/ans   yr/ans   yr/ans   yr/ans   Années
          5 min     98.6    134.9    159.0    189.4    211.9    234.3       46
                +/- 10.9 +/- 18.4 +/- 24.8 +/- 33.4 +/- 40.0 +/- 46.6       46
         10 min     71.1     98.8    117.1    140.3    157.5    174.6       46
                +/-  8.3 +/- 14.0 +/- 18.9 +/- 25.5 +/- 30.5 +/- 35.6       46
         15 min     56.1     77.4     91.4    109.2    122.4    135.5       46
                +/-  6.4 +/- 10.7 +/- 14.5 +/- 19.6 +/- 23.4 +/- 27.3       46
         30 min     35.5     49.7     59.2     71.1     80.0     88.7       46
                +/-  4.3 +/-  7.2 +/-  9.7 +/- 13.1 +/- 15.7 +/- 18.3       46
          1 h       21.4     29.2     34.3     40.9     45.7     50.6       46
                +/-  2.3 +/-  4.0 +/-  5.3 +/-  7.2 +/-  8.6 +/- 10.0       46
          2 h       13.3     19.0     22.7     27.4     30.9     34.4       46
                +/-  1.7 +/-  2.8 +/-  3.8 +/-  5.2 +/-  6.2 +/-  7.2       46
          6 h        6.0      8.3      9.8     11.7     13.1     14.5       46
                +/-  0.7 +/-  1.2 +/-  1.6 +/-  2.1 +/-  2.5 +/-  2.9       46
         12 h        3.5      4.8      5.6      6.6      7.4      8.1       46
                +/-  0.4 +/-  0.6 +/-  0.8 +/-  1.1 +/-  1.3 +/-  1.6       46
         24 h        2.0      2.7      3.1      3.7      4.1      4.6       46
                +/-  0.2 +/-  0.3 +/-  0.5 +/-  0.6 +/-  0.8 +/-  0.9       46
 
********************************************************************************
 
Table 3 : Interpolation Equation / Équation d'interpolation: R = A*T^B
 
R = Interpolated Rainfall rate (mm/h)/Intensité interpolée de la pluie (mm/h)
RR = Rainfall rate (mm/h) / Intensité de la pluie (mm/h)
 T = Rainfall duration (h) / Durée de la pluie (h)
 
********************************************************************************
 
       Statistics/Statistiques      2      5     10     25     50    100
                               yr/ans yr/ans yr/ans yr/ans yr/ans yr/ans
      Mean of RR/Moyenne de RR   34.2   47.2   55.8   66.7   74.8   82.8
    Std. Dev. /Écart-type (RR)   34.2   47.0   55.5   66.2   74.2   82.1
        Std. Error/Erreur-type    6.4    9.7   12.0   14.8   16.9   19.0
               Coefficient (A)   20.3   28.0   33.1   39.5   44.3   49.0
         Exponent/Exposant (B) -0.697 -0.701 -0.703 -0.704 -0.705 -0.706
 Mean % Error/% erreur moyenne    6.2    7.1    7.5    7.9    8.1    8.2
