                     Environment and Climate Change Canada
                 Environnement et Changement climatique Canada
                                        
           Short Duration Rainfall Intensity-Duration-Frequency Data
          Données sur l'intensité, la durée et la fréquence des chutes
                            de pluie de courte durée
                                        
                 Gumbel - Method of moments/Méthode des moments
                                        
                                   2022/10/31
                                        
================================================================================
 
 KINGSTON PUMPING STATION                               ON        6104175       
 (composite)         
 Latitude:  44 14'N    Longitude: 76 29'W    Elevation/Altitude: 76         m
 
 Years/Années :  1914 - 2007          # Years/Années :     63   
 
================================================================================
 
********************************************************************************
 
Table 1 : Annual Maximum (mm)/Maximum annuel (mm)
 
********************************************************************************
 
          Year  5 min 10 min 15 min 30 min    1 h    2 h    6 h   12 h   24 h
         Année
          1914    5.8    7.9    9.7   12.2   19.3   25.4   29.2   37.1   40.1
          1915    3.6    5.3    7.6   10.2   16.0   28.2   45.2   58.9   65.0
          1921    8.1   16.0   17.0   18.0   18.3   18.3   25.9   27.9   45.0
          1922    4.8    6.9    9.7   15.7   20.6   22.6   32.3   32.3   36.1
          1926    8.6   13.0   18.0   23.4   33.5   48.8   54.6   54.6   57.9
          1927    8.6   13.0   16.5   21.8   39.1   39.9   40.1   40.1   49.8
          1928   10.9   16.8   22.6   29.0   34.8   35.8   41.1   41.7   48.0
          1929   10.7   14.7   14.7   18.8   23.9   28.4   30.2   39.6   52.8
          1930    8.4   11.4   11.4   13.2   15.7   17.0   21.8   34.8   44.4
          1931    6.9   10.7   14.2   17.5   18.8   25.9   27.7   39.4   39.4
          1932    8.9   15.7   18.3   21.3   21.3   21.3   26.9   34.3   50.8
          1933    7.1   11.2   12.2   14.7   15.5   18.3   38.4   47.0   51.1
          1934    5.1    9.1   11.4   15.2   18.5   20.1   26.7   40.4   45.0
          1935   10.2   14.2   19.8   34.5   40.4   55.4   59.4   59.4   64.5
          1936    4.6    8.1    8.4   10.9   15.0   22.6   32.8   47.5   49.5
          1937   10.2   15.0   19.8   28.7   42.4   52.3   62.5   78.7   79.8
          1938    8.9   13.0   13.0   13.0   19.0   33.5   42.7   42.7   57.9
          1961    5.3    9.4   13.2   13.2   13.2   20.6   32.3   34.5   35.8
          1962   10.7   13.2   19.8   24.1   24.4   25.4   30.2   40.6   42.2
          1963    7.6    8.9   12.4   17.8   21.6   27.9   32.3   32.8   39.6
          1964    4.1    6.3    6.6    7.6   10.4   16.3   23.6   32.8   33.3
          1965    5.6    8.1    9.4   16.0   23.4   26.2   26.7   33.5   37.3
          1966    5.1    9.1   10.9   15.0   23.6   24.1   46.7   47.0   47.0
          1967   12.4   14.2   16.3   24.9   35.8   37.1   37.1   46.2   51.3
          1968   10.4   13.2   16.0   19.3   21.1   22.9   30.2   43.7   45.0
          1969    6.9    8.4    9.9   10.4   15.7   19.6   32.0   39.9   47.8
          1970    5.6    9.1   12.4   21.6   24.1   26.7   26.9   28.2   28.4
          1971    8.1   10.2   10.7   14.0   15.2   17.5   25.4   30.0   47.0
          1972    9.7   11.4   12.7   15.5   20.8   36.1   54.1   79.2   79.5
          1973    8.6   10.4   12.2   16.5   24.1   26.9   33.5   34.8   43.4
          1974    4.8    6.3    7.1    7.6    8.9   14.0   17.3   20.8   23.9
          1975    7.6   13.2   15.2   16.3   17.0   22.6   40.1   52.1   65.0
          1976   10.9   14.5   16.0   16.3   27.4   35.8   37.1   38.4   41.7
          1977    8.1    9.7   11.4   13.0   14.2   19.0   42.2   45.2   45.5
          1978    7.4   10.0   12.8   16.4   17.1   23.8   36.0   40.2   43.0
          1979    7.4   10.2   12.4   14.1   22.4   37.9  100.6  126.0  127.1
          1980    8.6   11.7   14.8   19.9   28.0   43.9   44.8   44.8   53.0
          1981    6.4    8.1    9.5   17.6   28.8   39.3   56.3   57.0   59.1
          1982    9.3   14.4   15.8   16.0   16.0   23.7   39.7   45.0   45.0
          1983   15.4   18.2   18.6   21.0   26.9   34.1   50.8   55.4   70.6
          1984    6.4    6.6    7.1   10.4   15.7   22.5   30.6   38.6   45.4
          1985   15.8   19.8   26.7   34.3   39.0   50.5   53.6   53.6   53.7
          1986    7.0    9.0    9.7   15.0   19.8   26.7   50.2   65.3   74.2
          1987    4.0    6.5    9.7   10.5   14.3   16.8   30.0   48.4   56.6
          1988    6.6   10.3   12.8   16.2   25.5   28.1   28.8   28.8   30.2
          1989    3.8    6.6    8.4   11.5   12.0   15.2   30.5   33.7   42.0
          1990    7.4   10.8   14.3   14.3   16.5   20.7   37.9   38.7   41.4
          1991   11.4   12.7   13.1   19.3   33.9   34.6   37.4   37.6   43.4
          1992    7.6   10.8   14.2   24.0   35.1   41.9   44.7   46.2   46.2
          1993    8.0   12.8   16.0   24.6   28.6   31.7   32.5   32.9   64.6
          1994   11.1   14.1   16.4   20.3   25.6   29.4   47.7   51.8   52.8
          1995    4.4    5.7    7.2    8.5   13.0   18.3   33.7   49.2   56.1
          1996    5.7    7.7    8.5   10.9   13.0   18.0   28.0   33.8   44.5
          1997    9.4   13.2   15.5   21.2   21.2   28.3   33.1   34.0   39.2
          1998   10.4   14.1   16.6   19.0   20.8   21.0   28.9   32.9   35.0
          1999    6.5    9.8   10.8   12.0   16.2   22.0   28.3   41.2   44.7
          2000    7.7    8.1    9.8   11.4   17.8   20.8   28.1   35.7   49.4
          2001    5.8    8.8   11.9   19.3   20.8   21.2   27.4   36.9   44.8
          2002    8.0   10.0   10.4   12.6   15.2   19.7   26.4   36.9   43.1
          2003    8.4   15.4   17.7   25.1   28.0   31.6   38.2   43.2   45.0
          2005    9.2   13.8   14.9   20.0   20.8   24.3   49.2   63.2   65.1
          2006    9.0   11.6   12.9   15.7   22.8   25.8   28.8   35.0   39.1
          2007    7.1   12.0   13.4   14.5   19.6   21.2   24.4   34.5   36.6
        ---------------------------------------------------------------------
        # Yrs.     63     63     63     63     63     63     63     63     63
        Années
          Mean    7.9   11.1   13.3   17.2   22.0   27.4   37.0   43.8   49.6
       Moyenne
     Std. Dev.    2.5    3.2    4.0    5.8    7.8    9.5   12.9   15.4   15.2
    Écart-type
         Skew.   0.73   0.32   0.70   0.90   0.88   1.14   2.21   2.89   2.42
   Dissymétrie
      Kurtosis   4.18   2.78   3.95   4.10   3.34   3.97  11.33  15.59  13.18
 
          *-99.9 Indicates Missing Data/Données manquantes
 
 Warning: annual maximum amount greater than 100-yr return period amount
 Avertissement : la quantité maximale annuelle excède la quantité
                 pour une période de retour de 100 ans
          Year/Année      Duration/Durée        Data/Données          100-yr/ans
                1979               6 h                 100.6                77.5
                1979              12 h                 126.0                92.0
                1979              24 h                 127.1                97.1
                1985              15 min                26.7                25.9
 
********************************************************************************
 
Table 2a : Return Period Rainfall Amounts (mm)
           Quantité de pluie (mm) par période de retour
 
********************************************************************************
 
 Duration/Durée        2        5       10       25       50      100   #Years
                  yr/ans   yr/ans   yr/ans   yr/ans   yr/ans   yr/ans   Années
          5 min      7.5      9.7     11.2     13.1     14.5     15.9       63
         10 min     10.6     13.4     15.3     17.7     19.5     21.2       63
         15 min     12.6     16.2     18.5     21.5     23.7     25.9       63
         30 min     16.2     21.4     24.8     29.1     32.3     35.5       63
          1 h       20.7     27.6     32.2     37.9     42.2     46.4       63
          2 h       25.8     34.2     39.8     46.8     52.1     57.3       63
          6 h       34.9     46.3     53.8     63.4     70.5     77.5       63
         12 h       41.2     54.8     63.8     75.2     83.7     92.0       63
         24 h       47.1     60.5     69.3     80.5     88.8     97.1       63
 
********************************************************************************
 
Table 2b :
 
 Return Period Rainfall Rates (mm/h) - 95% Confidence limits
 Intensité de la pluie (mm/h) par période de retour - Limites de confiance de 95%
 
********************************************************************************
 
 Duration/Durée        2        5       10       25       50      100   #Years
                  yr/ans   yr/ans   yr/ans   yr/ans   yr/ans   yr/ans   Années
          5 min     89.9    116.8    134.7    157.2    173.9    190.5       63
                +/-  6.9 +/- 11.6 +/- 15.7 +/- 21.2 +/- 25.4 +/- 29.5       63
         10 min     63.5     80.6     91.9    106.3    116.9    127.4       63
                +/-  4.4 +/-  7.4 +/- 10.0 +/- 13.5 +/- 16.1 +/- 18.7       63
         15 min     50.6     64.8     74.2     86.1     94.9    103.6       63
                +/-  3.6 +/-  6.1 +/-  8.3 +/- 11.2 +/- 13.4 +/- 15.6       63
         30 min     32.5     42.8     49.6     58.2     64.6     70.9       63
                +/-  2.6 +/-  4.5 +/-  6.0 +/-  8.1 +/-  9.7 +/- 11.3       63
          1 h       20.7     27.6     32.2     37.9     42.2     46.4       63
                +/-  1.8 +/-  3.0 +/-  4.0 +/-  5.4 +/-  6.5 +/-  7.5       63
          2 h       12.9     17.1     19.9     23.4     26.0     28.6       63
                +/-  1.1 +/-  1.8 +/-  2.5 +/-  3.3 +/-  4.0 +/-  4.6       63
          6 h        5.8      7.7      9.0     10.6     11.7     12.9       63
                +/-  0.5 +/-  0.8 +/-  1.1 +/-  1.5 +/-  1.8 +/-  2.1       63
         12 h        3.4      4.6      5.3      6.3      7.0      7.7       63
                +/-  0.3 +/-  0.5 +/-  0.7 +/-  0.9 +/-  1.1 +/-  1.2       63
         24 h        2.0      2.5      2.9      3.4      3.7      4.0       63
                +/-  0.1 +/-  0.2 +/-  0.3 +/-  0.4 +/-  0.5 +/-  0.6       63
 
********************************************************************************
 
Table 3 : Interpolation Equation / Équation d'interpolation: R = A*T^B
 
R = Interpolated Rainfall rate (mm/h)/Intensité interpolée de la pluie (mm/h)
RR = Rainfall rate (mm/h) / Intensité de la pluie (mm/h)
 T = Rainfall duration (h) / Durée de la pluie (h)
 
********************************************************************************
 
       Statistics/Statistiques      2      5     10     25     50    100
                               yr/ans yr/ans yr/ans yr/ans yr/ans yr/ans
      Mean of RR/Moyenne de RR   31.3   40.5   46.6   54.4   60.1   65.8
    Std. Dev. /Écart-type (RR)   30.8   39.6   45.5   52.9   58.3   63.8
        Std. Error/Erreur-type    5.3    6.8    7.8    9.1   10.1   11.1
               Coefficient (A)   19.1   24.9   28.8   33.6   37.3   40.9
         Exponent/Exposant (B) -0.681 -0.677 -0.676 -0.674 -0.673 -0.672
 Mean % Error/% erreur moyenne    6.6    7.4    7.7    8.1    8.3    8.5
