                     Environment and Climate Change Canada
                 Environnement et Changement climatique Canada
                                        
           Short Duration Rainfall Intensity-Duration-Frequency Data
          Données sur l'intensité, la durée et la fréquence des chutes
                            de pluie de courte durée
                                        
                 Gumbel - Method of moments/Méthode des moments
                                        
                                   2022/10/31
                                        
================================================================================
 
 FERGUS SHAND DAM                                       ON        6142400       
                     
 Latitude:  43 44'N    Longitude: 80 20'W    Elevation/Altitude: 417        m
 
 Years/Années :  1961 - 2016          # Years/Années :     45   
 
================================================================================
 
********************************************************************************
 
Table 1 : Annual Maximum (mm)/Maximum annuel (mm)
 
********************************************************************************
 
          Year  5 min 10 min 15 min 30 min    1 h    2 h    6 h   12 h   24 h
         Année
          1961   11.7   19.8   25.4   27.9   36.8   41.9   45.2   46.6   48.9
          1962  -99.9  -99.9  -99.9  -99.9   21.6   24.4   43.4   52.8   59.2
          1963  -99.9   14.7   15.7   15.7   16.8   20.8   26.4   31.2   51.3
          1964  -99.9  -99.9   19.6   25.7   26.2   26.7   31.2   34.8   53.3
          1965  -99.9    7.9   11.2   19.0   19.3   29.0   33.5   43.9   61.0
          1966  -99.9    7.6    7.9    8.9   10.9   17.5   20.1   30.2   37.1
          1967  -99.9  -99.9   33.5   53.8   86.9   89.4  111.0  113.5  116.8
          1968   10.4   15.7   21.3   29.0   38.4   52.8   64.5   65.0  117.6
          1970    7.9    9.4   13.5   16.5   18.3   19.6   36.6   37.3   37.3
          1972    9.1   16.0   23.1   37.1   58.4   65.8   67.3   78.2   78.2
          1973   12.2   18.0   22.6   30.5   30.7   52.6   54.1   54.1   76.5
          1974    6.6    9.1   12.2   18.0   23.9   34.8   46.5   63.8   65.5
          1975    9.4   12.4   15.5   18.8   20.6   24.1   35.3   42.2   44.7
          1976   13.5   13.5   16.8   24.1   29.2   38.1   59.2   59.2   59.2
          1977    9.1   15.5   17.8   20.3   23.9   24.1   34.0   38.6   48.8
          1978   11.7   12.8   12.8   17.6   23.4   34.1   40.6   43.4   50.0
          1979    5.5    7.9    9.5   13.4   13.5   14.1   17.6   28.6   34.2
          1980   11.6   13.0   17.1   23.7   42.0   54.5   62.8   63.0   63.2
          1981    8.0   14.1   16.6   18.2   21.8   22.9   34.0   41.8   51.5
          1982    8.1   11.2   12.7   18.0   23.2   24.2   29.2   31.2   34.0
          1983    7.6   13.4   14.0   18.4   18.6   19.0   23.5   26.6   36.9
          1984   13.5   13.7   13.9   15.1   17.4   18.2   23.4   35.8   43.8
          1985   11.5   13.2   17.8   26.6   26.6   32.4   37.5   49.0   65.4
          1987    8.0   10.3   12.2   13.0   14.4  -99.9  -99.9   81.2   81.2
          1988    7.4    9.5   11.8   17.9   31.9   35.3   42.2   42.2   42.6
          1989   11.0   14.5   14.7   16.4   19.5   26.0   37.3   49.6   50.6
          1990    6.1    9.0   13.2   20.8   23.7   25.0   27.4   31.4   36.8
          1991   17.3   18.9   20.3   24.6   35.9   40.1   55.4   67.3   73.4
          1992    9.7   12.6   17.1   19.8   31.0   36.5  -99.9  -99.9   67.8
          1993    6.3    7.3   10.5   15.6   16.2   18.6   25.3   28.6   45.1
          1994    7.5    9.7   11.8   13.4   13.6   15.9   21.8   30.3   36.7
          1996    9.7   12.6   15.6   19.3   26.9   29.8   35.8   45.0   49.7
          1997    4.5    6.1    8.1    9.9   12.8   14.4   21.8   26.0   32.0
          1998    4.7    5.8    7.2    9.0   15.2   24.5   40.1   52.6   70.2
          1999   11.1   18.0   23.6   33.1   37.6   40.9   57.2   60.5   63.4
          2000    7.1   11.9   16.8   20.3   26.2   28.4   48.9   51.3   53.0
          2001    8.3   13.6   19.3   32.0   38.7   40.8   44.0   44.0   44.0
          2002   10.6   17.3   20.8   21.7   22.1   23.7   25.0   29.0   29.6
          2003   17.0   31.2   43.0   65.2   75.6   79.6   79.6   80.0   80.0
          2004    9.1   12.5   13.9   16.7   22.1   30.6   43.0   43.0   58.9
          2005   11.3   20.2   29.1   37.8   46.6   65.4   65.5   65.5   65.5
          2006    7.8   12.5   17.3   23.3   24.7   31.0   39.2   39.6   42.0
          2007    9.5   12.8   16.0   20.4   26.9   26.9   27.1   30.8   36.1
          2008   11.9   14.1   14.1   14.1   14.7   19.2   29.8   37.0   42.3
          2009   11.6   18.5   25.1   34.5   45.3   46.3   46.3   51.5   52.5
          2011    9.8   15.1   17.4   25.2   29.2   30.2   32.2   38.0   42.8
          2012   10.5   19.3   22.5   29.8   30.0   30.0   30.0   30.8   30.8
          2013    9.1   15.6   20.2   20.8   20.8   31.0   39.4   51.3   71.8
          2014    8.5   10.1   11.9   15.1   24.9   37.2   59.6   76.4   76.4
          2015    5.0    6.7    9.1   13.5   16.0   21.7   33.8   45.5   48.9
          2016    7.1   10.8   16.2   26.0   43.5   47.7   52.8   63.1   68.9
        ---------------------------------------------------------------------
        # Yrs.     45     48     50     50     51     50     49     50     51
        Années
          Mean    9.4   13.2   17.0   22.5   28.1   33.6   41.6   48.0   55.4
       Moyenne
     Std. Dev.    2.8    4.6    6.6   10.4   14.8   16.1   17.5   17.7   19.1
    Écart-type
         Skew.   0.66   1.19   1.58   2.04   2.10   1.60   1.57   1.32   1.31
   Dissymétrie
      Kurtosis   4.06   6.73   7.24   8.95   8.62   5.89   7.07   5.58   5.57
 
          *-99.9 Indicates Missing Data/Données manquantes
 
 Warning: annual maximum amount greater than 100-yr return period amount
 Avertissement : la quantité maximale annuelle excède la quantité
                 pour une période de retour de 100 ans
          Year/Année      Duration/Durée        Data/Données          100-yr/ans
                1967               1 h                  86.9                74.5
                1967               2 h                  89.4                84.2
                1967               6 h                 111.0                96.3
                1967              12 h                 113.5               103.6
                1967              24 h                 116.8               115.3
                1968              24 h                 117.6               115.3
                2003              10 min                31.2                27.6
                2003              15 min                43.0                37.7
                2003              30 min                65.2                55.0
                2003               1 h                  75.6                74.5
 
********************************************************************************
 
Table 2a : Return Period Rainfall Amounts (mm)
           Quantité de pluie (mm) par période de retour
 
********************************************************************************
 
 Duration/Durée        2        5       10       25       50      100   #Years
                  yr/ans   yr/ans   yr/ans   yr/ans   yr/ans   yr/ans   Années
          5 min      9.0     11.5     13.1     15.2     16.7     18.3       45
         10 min     12.5     16.5     19.2     22.6     25.1     27.6       48
         15 min     15.9     21.7     25.6     30.5     34.1     37.7       50
         30 min     20.8     30.0     36.0     43.7     49.4     55.0       50
          1 h       25.7     38.8     47.4     58.4     66.5     74.5       51
          2 h       30.9     45.2     54.6     66.5     75.4     84.2       50
          6 h       38.7     54.1     64.3     77.2     86.8     96.3       49
         12 h       45.1     60.8     71.1     84.2     93.9    103.6       50
         24 h       52.3     69.2     80.3     94.4    104.9    115.3       51
 
********************************************************************************
 
Table 2b :
 
 Return Period Rainfall Rates (mm/h) - 95% Confidence limits
 Intensité de la pluie (mm/h) par période de retour - Limites de confiance de 95%
 
********************************************************************************
 
 Duration/Durée        2        5       10       25       50      100   #Years
                  yr/ans   yr/ans   yr/ans   yr/ans   yr/ans   yr/ans   Années
          5 min    107.8    137.6    157.4    182.4    200.9    219.3       45
                +/-  9.1 +/- 15.3 +/- 20.6 +/- 27.8 +/- 33.3 +/- 38.7       45
         10 min     74.9     99.2    115.3    135.7    150.8    165.7       48
                +/-  7.1 +/- 12.0 +/- 16.3 +/- 21.9 +/- 26.2 +/- 30.6       48
         15 min     63.6     86.9    102.4    121.9    136.3    150.7       50
                +/-  6.7 +/- 11.3 +/- 15.3 +/- 20.6 +/- 24.6 +/- 28.7       50
         30 min     41.6     59.9     72.1     87.4     98.8    110.1       50
                +/-  5.3 +/-  8.9 +/- 12.0 +/- 16.2 +/- 19.4 +/- 22.6       50
          1 h       25.7     38.8     47.4     58.4     66.5     74.5       51
                +/-  3.7 +/-  6.3 +/-  8.5 +/- 11.4 +/- 13.7 +/- 15.9       51
          2 h       15.5     22.6     27.3     33.3     37.7     42.1       50
                +/-  2.1 +/-  3.5 +/-  4.7 +/-  6.3 +/-  7.5 +/-  8.8       50
          6 h        6.5      9.0     10.7     12.9     14.5     16.1       49
                +/-  0.7 +/-  1.3 +/-  1.7 +/-  2.3 +/-  2.7 +/-  3.2       49
         12 h        3.8      5.1      5.9      7.0      7.8      8.6       50
                +/-  0.4 +/-  0.6 +/-  0.9 +/-  1.2 +/-  1.4 +/-  1.6       50
         24 h        2.2      2.9      3.3      3.9      4.4      4.8       51
                +/-  0.2 +/-  0.3 +/-  0.5 +/-  0.6 +/-  0.7 +/-  0.9       51
 
********************************************************************************
 
Table 3 : Interpolation Equation / Équation d'interpolation: R = A*T^B
 
R = Interpolated Rainfall rate (mm/h)/Intensité interpolée de la pluie (mm/h)
RR = Rainfall rate (mm/h) / Intensité de la pluie (mm/h)
 T = Rainfall duration (h) / Durée de la pluie (h)
 
********************************************************************************
 
       Statistics/Statistiques      2      5     10     25     50    100
                               yr/ans yr/ans yr/ans yr/ans yr/ans yr/ans
      Mean of RR/Moyenne de RR   37.9   51.3   60.2   71.4   79.7   88.0
    Std. Dev. /Écart-type (RR)   37.1   47.9   55.1   64.2   71.0   77.8
        Std. Error/Erreur-type    8.9   16.3   21.1   27.2   31.7   36.1
               Coefficient (A)   22.7   31.3   37.0   44.1   49.4   54.7
         Exponent/Exposant (B) -0.702 -0.698 -0.697 -0.695 -0.694 -0.694
 Mean % Error/% erreur moyenne    9.2   13.5   15.2   16.8   17.7   18.4
