                     Environment and Climate Change Canada
                 Environnement et Changement climatique Canada
                                        
           Short Duration Rainfall Intensity-Duration-Frequency Data
          Données sur l'intensité, la durée et la fréquence des chutes
                            de pluie de courte durée
                                        
                 Gumbel - Method of moments/Méthode des moments
                                        
                                   2022/10/31
                                        
================================================================================
 
 KENORA RCS                                             ON        6034073       
                     
 Latitude:  49 47'N    Longitude: 94 23'W    Elevation/Altitude: 412        m
 
 Years/Années :  1966 - 2021          # Years/Années :     49   
 
================================================================================
 
********************************************************************************
 
Table 1 : Annual Maximum (mm)/Maximum annuel (mm)
 
********************************************************************************
 
          Year  5 min 10 min 15 min 30 min    1 h    2 h    6 h   12 h   24 h
         Année
          1966    4.8    6.9    9.9   15.5   20.1   22.9   29.5   34.0   40.9
          1967   11.7   15.0   16.0   28.7   32.3   34.5   37.6   54.1   54.1
          1968    6.6    7.4    7.9    9.9   12.2   16.5   32.5   39.4   51.8
          1969   14.5   18.5   19.3   22.9   29.2   35.1   40.4   40.6   43.2
          1970   15.0   16.5   21.8   26.7   36.8   56.1   73.7  128.3  128.3
          1971    7.6   10.9   14.5   18.0   22.4   26.9   53.8   59.4   60.7
          1972   13.0   20.6   23.6   28.7   36.3   53.8   77.2   77.2   92.5
          1973   14.5   21.3   26.4   38.4   50.5   68.1   80.3   83.1   86.6
          1974    7.4   10.2   11.4   17.0   32.0   39.4   51.6   58.7   70.9
          1975    8.9   12.4   14.0   18.5   27.2   30.7   42.7   42.7   42.7
          1976    6.9    9.7   11.9   14.2   17.5   18.8   28.2   30.2   30.5
          1977   10.9   17.3   20.8   21.6   24.6   24.6   32.3   42.4   47.8
          1978   12.4   14.0   18.0   18.8   22.5   26.6   27.1   32.1   32.1
          1979    5.2    9.8   10.9   17.7   19.6   25.1   26.6   27.0   27.0
          1980   14.4   18.6   19.3   23.2   37.8   55.4   57.9   58.2   58.3
          1981   13.6   20.0   28.4   35.1   35.3   35.3   46.7   70.8  108.6
          1982    6.6    8.0   12.0   20.8   21.4   25.1   47.2   57.0   57.0
          1983    4.4    6.3    9.3   15.4   23.2   27.9   30.2   31.2   33.0
          1984    7.1    9.6   12.7   12.7   14.6   17.5   29.5   37.6   46.0
          1985   12.3   13.9   13.9   13.9   14.4   14.6   29.6   34.2   36.5
          1986   11.6   11.6   11.6   14.0   14.6   19.0   30.3   31.3   31.6
          1987    8.4   13.2   19.5   26.3   29.4   48.6   50.2   50.3   50.4
          1988   13.5   14.6   19.2   22.0   23.0   25.7   32.8   45.2   65.4
          1989   12.8   13.7   18.7   27.6   43.3   46.2   65.7   73.4   77.6
          1990    9.9   10.4   11.2   13.0   13.6   18.7   30.9   40.5   41.6
          1991    9.4   12.8   14.3   14.3   14.3   16.6   30.4   40.3   49.3
          1992    9.1   18.1   21.9   31.9   36.5   39.0   54.4   54.6   59.7
          1993   20.0   25.0   35.9   57.1   66.3  114.4  149.3  153.1  153.5
          1994    6.3    8.7   10.8   17.4   21.6   23.3   34.2   37.0   41.9
          1995   14.2   22.8   31.7   34.5   35.1   36.8   63.6   77.5   79.3
          1996   17.4   27.3   32.7   34.8   55.7   66.1   66.5   68.5   90.8
          1997    7.4   10.3   10.7   13.0   13.9   17.7   39.5   60.1   67.4
          1999   10.7   15.9   20.6   28.6   33.5   45.4   89.0  137.2  137.8
          2000    8.6   10.6   12.4   16.7   18.3   24.2   50.0   73.1   87.4
          2001    4.6    7.6    9.4   12.1   17.0   19.4   44.8   57.9   58.4
          2002   10.6   17.2   19.0   24.8   33.0   34.7   45.8   54.2   61.0
          2003   11.1   18.0   21.8   39.8   48.8   59.2   75.0   89.3  101.2
          2004    9.4   15.7   18.6   25.7   28.8   32.2   41.2   49.2   54.2
          2005   10.8   14.9   16.0   16.2   18.8   24.1   31.0   40.6   40.6
          2007   10.2   14.8   20.4   28.9   48.2   83.4  106.2  106.2  110.2
          2008   11.8   16.2   17.6   22.4   26.0   26.0   28.2   31.6   38.4
          2009    8.2   13.4   18.0   20.8   21.0   21.8   24.6   31.2   38.6
          2010    9.6   13.6   18.6   25.0   28.0   35.8   54.8   82.2   87.0
          2011    7.0   11.8   14.0   19.6   28.0   34.4   35.2   35.2   43.4
          2012  -99.9  -99.9  -99.9  -99.9   28.0   32.2   52.8   81.7   85.9
          2013  -99.9  -99.9  -99.9  -99.9   23.3   41.2   64.5   65.1   71.5
          2014  -99.9  -99.9  -99.9  -99.9   18.3   19.1   21.5   32.8   41.2
          2017    7.8   12.8   15.4   16.4   17.2   20.6   38.6   57.2   88.6
          2018   10.4   20.2   22.4   44.4   55.0   63.4   71.8   72.4   83.0
          2019    9.0   12.8   14.6   17.8   23.0   24.0   27.6   35.2   46.6
          2020   12.2   17.6   18.6   32.4   33.4   33.4   50.8   53.2   87.6
          2021    6.6    9.4   13.2   18.8   25.8   31.2   38.2   46.6   56.6
        ---------------------------------------------------------------------
        # Yrs.     49     49     49     49     52     52     52     52     52
        Années
          Mean   10.1   14.2   17.4   23.1   28.3   35.2   48.3   57.7   64.9
       Moyenne
     Std. Dev.    3.4    4.8    6.2    9.5   12.2   19.1   23.5   27.5   28.7
    Écart-type
         Skew.   0.53   0.58   1.00   1.31   1.12   1.95   2.00   1.65   1.11
   Dissymétrie
      Kurtosis   3.41   3.25   4.18   5.37   4.18   8.10   8.85   6.13   4.12
 
          *-99.9 Indicates Missing Data/Données manquantes
 
 Warning: annual maximum amount greater than 100-yr return period amount
 Avertissement : la quantité maximale annuelle excède la quantité
                 pour une période de retour de 100 ans
          Year/Année      Duration/Durée        Data/Données          100-yr/ans
                1993              30 min                57.1                52.8
                1993               2 h                 114.4                95.0
                1993               6 h                 149.3               122.0
                1993              12 h                 153.1               144.0
 
********************************************************************************
 
Table 2a : Return Period Rainfall Amounts (mm)
           Quantité de pluie (mm) par période de retour
 
********************************************************************************
 
 Duration/Durée        2        5       10       25       50      100   #Years
                  yr/ans   yr/ans   yr/ans   yr/ans   yr/ans   yr/ans   Années
          5 min      9.6     12.6     14.5     17.0     18.9     20.7       49
         10 min     13.5     17.7     20.5     24.0     26.6     29.2       49
         15 min     16.3     21.9     25.5     30.1     33.5     36.9       49
         30 min     21.6     30.0     35.5     42.5     47.7     52.8       49
          1 h       26.3     37.0     44.1     53.1     59.8     66.4       52
          2 h       32.1     49.0     60.1     74.2     84.6     95.0       52
          6 h       44.5     65.2     79.0     96.3    109.2    122.0       52
         12 h       53.2     77.5     93.6    113.9    129.0    144.0       52
         24 h       60.2     85.6    102.4    123.6    139.3    155.0       52
 
********************************************************************************
 
Table 2b :
 
 Return Period Rainfall Rates (mm/h) - 95% Confidence limits
 Intensité de la pluie (mm/h) par période de retour - Limites de confiance de 95%
 
********************************************************************************
 
 Duration/Durée        2        5       10       25       50      100   #Years
                  yr/ans   yr/ans   yr/ans   yr/ans   yr/ans   yr/ans   Années
          5 min    114.9    150.8    174.5    204.5    226.7    248.8       49
                +/- 10.4 +/- 17.6 +/- 23.7 +/- 32.0 +/- 38.3 +/- 44.6       49
         10 min     80.8    106.0    122.7    143.9    159.5    175.1       49
                +/-  7.3 +/- 12.4 +/- 16.7 +/- 22.5 +/- 26.9 +/- 31.4       49
         15 min     65.4     87.4    102.0    120.5    134.1    147.7       49
                +/-  6.4 +/- 10.8 +/- 14.6 +/- 19.7 +/- 23.5 +/- 27.4       49
         30 min     43.2     59.9     71.0     85.0     95.4    105.7       49
                +/-  4.9 +/-  8.2 +/- 11.1 +/- 14.9 +/- 17.9 +/- 20.8       49
          1 h       26.3     37.0     44.1     53.1     59.8     66.4       52
                +/-  3.0 +/-  5.1 +/-  6.9 +/-  9.3 +/- 11.1 +/- 13.0       52
          2 h       16.1     24.5     30.1     37.1     42.3     47.5       52
                +/-  2.4 +/-  4.0 +/-  5.4 +/-  7.3 +/-  8.7 +/- 10.2       52
          6 h        7.4     10.9     13.2     16.1     18.2     20.3       52
                +/-  1.0 +/-  1.6 +/-  2.2 +/-  3.0 +/-  3.6 +/-  4.2       52
         12 h        4.4      6.5      7.8      9.5     10.8     12.0       52
                +/-  0.6 +/-  1.0 +/-  1.3 +/-  1.8 +/-  2.1 +/-  2.4       52
         24 h        2.5      3.6      4.3      5.1      5.8      6.5       52
                +/-  0.3 +/-  0.5 +/-  0.7 +/-  0.9 +/-  1.1 +/-  1.3       52
 
********************************************************************************
 
Table 3 : Interpolation Equation / Équation d'interpolation: R = A*T^B
 
R = Interpolated Rainfall rate (mm/h)/Intensité interpolée de la pluie (mm/h)
RR = Rainfall rate (mm/h) / Intensité de la pluie (mm/h)
 T = Rainfall duration (h) / Durée de la pluie (h)
 
********************************************************************************
 
       Statistics/Statistiques      2      5     10     25     50    100
                               yr/ans yr/ans yr/ans yr/ans yr/ans yr/ans
      Mean of RR/Moyenne de RR   40.1   54.1   63.3   75.0   83.6   92.2
    Std. Dev. /Écart-type (RR)   39.4   51.3   59.2   69.1   76.5   83.9
        Std. Error/Erreur-type    7.1   10.3   12.5   15.3   17.3   19.4
               Coefficient (A)   24.4   34.1   40.5   48.5   54.4   60.3
         Exponent/Exposant (B) -0.682 -0.662 -0.653 -0.646 -0.642 -0.639
 Mean % Error/% erreur moyenne    6.6    8.6    9.4   10.1   10.5   10.8
