                     Environment and Climate Change Canada
                 Environnement et Changement climatique Canada
                                        
           Short Duration Rainfall Intensity-Duration-Frequency Data
          Données sur l'intensité, la durée et la fréquence des chutes
                            de pluie de courte durée
                                        
                 Gumbel - Method of moments/Méthode des moments
                                        
                                   2022/10/31
                                        
================================================================================
 
 KEMPTVILLE CS                                          ON        6104027       
                     
 Latitude:  45 0'N     Longitude: 75 38'W    Elevation/Altitude: 99         m
 
 Years/Années :  1970 - 2021          # Years/Années :     48   
 
================================================================================
 
********************************************************************************
 
Table 1 : Annual Maximum (mm)/Maximum annuel (mm)
 
********************************************************************************
 
          Year  5 min 10 min 15 min 30 min    1 h    2 h    6 h   12 h   24 h
         Année
          1970   10.7   18.3   22.9   26.7   32.5   32.5   32.5   38.1   45.5
          1971    7.6    7.6    7.9    9.1   12.4   16.8   27.4   33.8   39.9
          1972    9.7   10.7   10.9   17.5   19.3   19.3   33.0   39.1   48.3
          1973   17.3   17.5   19.0   19.6   29.2   30.2   30.7   32.8   37.8
          1974    8.6    8.9   10.4   14.0   18.8   24.1   24.6   25.7   31.2
          1975    9.9   12.2   13.0   13.2   17.0   22.9   44.7   59.4   66.3
          1976   16.5   18.8   20.6   24.4   30.5   32.5   33.5   33.5   37.1
          1977   17.8   19.6   20.6   24.4   41.1   56.4   56.4   56.4   56.4
          1978   12.7   14.0   14.4   16.1   16.2   16.2   31.2   31.2   39.5
          1979   10.3   14.6   15.8   24.3   28.1   37.4   57.1   75.8   77.7
          1980   17.6   17.6   17.9   18.1   18.6   19.7   32.9   49.3   57.3
          1981  -99.9  -99.9  -99.9   31.0   34.9   50.1   74.0   74.0   74.0
          1982    4.2    4.5    5.2    7.6   13.3   26.2   46.8   47.6   47.8
          1983    4.0    5.2    7.4   10.4   16.4   21.8   34.0   41.0   57.8
          1984   12.3   15.0   19.0   33.2   38.8   42.2   43.7   50.6   52.0
          1985    8.0    9.1   10.1   12.4   13.4   13.8   23.2   24.7   29.4
          1986   13.2   15.8   24.2   26.4   31.7   37.0   41.6   41.6   46.8
          1987   12.9   20.7   20.9   22.4   22.5   22.5   35.1   37.1   46.6
          1988    9.5   13.7   17.7   23.8   40.5   42.8   45.6   45.6   49.3
          1989   17.3   19.7   22.7   31.7   45.9   56.1   62.3   62.5   63.1
          1990    3.8    5.1    5.8    9.0   11.5   20.7   31.3   42.5   42.5
          1991    6.9    7.6    8.6   12.9   14.9   17.2   30.9   44.5   52.7
          1992    6.7    9.1   10.5   12.9   17.2   19.1   32.6   34.0   34.8
          1993   12.2   13.4   15.8   20.3   20.3   24.6   29.0   37.2   50.4
          1994   10.8   13.8   15.0   16.8   19.1   24.9   27.2   31.0   48.1
          1995   10.6   12.6   14.4   15.9   22.3   32.8   48.6   64.8   74.3
          1998   11.2   21.2   27.2   36.2   46.2   49.0   49.2   49.2   49.4
          1999    2.6    2.8    3.0    5.6   10.8   20.2   44.0   44.6   44.6
          2000    4.0    5.4    6.0    8.2   14.6   23.0   40.4   42.8   47.4
          2001    7.6   12.0   13.8   16.2   16.4   20.0   23.8   40.6   53.6
          2002    6.2    9.8   11.0   12.4   14.6   19.4   29.6   33.2   40.4
          2003   10.4   15.0   15.8   27.2   29.0   29.2   39.8   49.0   50.4
          2004  -99.9  -99.9  -99.9   10.8   20.9   32.3   73.4  102.4  109.2
          2005   10.4   16.8   20.2   22.2   22.2   22.2   34.5   55.2   64.2
          2006    6.2    9.8   11.8   17.6   19.6   21.8   38.8   46.0   49.2
          2007    8.4   11.8   15.0   21.8   38.8   48.4   57.8   81.8   81.8
          2008   10.0   18.2   23.4   29.2   34.6   35.8   38.6   41.2   58.0
          2009    6.8   10.2   13.0   16.6   18.2   22.7   37.3   50.1   65.9
          2010   10.0   16.2   21.0   28.4   31.4   38.8   59.8   65.6   68.6
          2011    8.2   11.8   13.2   16.4   16.6   23.4   35.2   36.0   54.8
          2012    8.2   10.8   14.8   17.4   17.4   20.6   26.4   29.0   29.2
          2013    8.6   12.8   14.6   24.2   24.4   24.4   26.0   46.2   50.2
          2014    7.6   12.2   16.0   24.2   35.4   40.6   46.8   52.8   58.4
          2015    5.4   10.2   13.4   22.2   35.2   40.8   45.8   46.0   46.2
          2016    7.6   10.4   13.8   19.6   24.4   29.6   40.0   50.8   52.8
          2017   11.6   17.0   23.4   24.8   25.2   25.2   44.4   67.8   83.0
          2018   16.2   21.6   24.0   32.2   44.4   60.2   81.6   89.0   90.4
          2019    6.0    7.8    8.0    9.2   11.0   13.8   23.2   31.6   33.2
          2020    9.2   17.8   24.2   43.2   45.8   46.0   51.2   53.4   68.8
          2021    5.4    8.8   10.2   11.2   13.0   16.2   22.8   25.2   27.4
        ---------------------------------------------------------------------
        # Yrs.     48     48     48     50     50     50     50     50     50
        Années
          Mean    9.6   12.8   15.2   19.8   24.7   29.7   40.4   47.7   53.7
       Moyenne
     Std. Dev.    3.8    4.8    5.9    8.3   10.5   12.0   13.8   16.5   16.6
    Écart-type
         Skew.   0.55  -0.04   0.04   0.50   0.62   0.89   1.11   1.24   1.02
   Dissymétrie
      Kurtosis   3.04   2.42   2.42   3.13   2.35   3.04   4.18   4.88   4.68
 
          *-99.9 Indicates Missing Data/Données manquantes
 
 Warning: annual maximum amount greater than 100-yr return period amount
 Avertissement : la quantité maximale annuelle excède la quantité
                 pour une période de retour de 100 ans
          Year/Année      Duration/Durée        Data/Données          100-yr/ans
                2004              12 h                 102.4                99.6
                2004              24 h                 109.2               105.6
 
********************************************************************************
 
Table 2a : Return Period Rainfall Amounts (mm)
           Quantité de pluie (mm) par période de retour
 
********************************************************************************
 
 Duration/Durée        2        5       10       25       50      100   #Years
                  yr/ans   yr/ans   yr/ans   yr/ans   yr/ans   yr/ans   Années
          5 min      8.9     12.3     14.6     17.4     19.5     21.6       48
         10 min     12.0     16.3     19.0     22.6     25.2     27.8       48
         15 min     14.2     19.4     22.8     27.2     30.4     33.6       48
         30 min     18.5     25.8     30.6     36.7     41.2     45.7       50
          1 h       23.0     32.3     38.5     46.2     52.0     57.7       50
          2 h       27.7     38.3     45.4     54.3     60.9     67.4       50
          6 h       38.1     50.3     58.3     68.5     76.1     83.5       50
         12 h       44.9     59.6     69.3     81.5     90.6     99.6       50
         24 h       51.0     65.6     75.3     87.5     96.6    105.6       50
 
********************************************************************************
 
Table 2b :
 
 Return Period Rainfall Rates (mm/h) - 95% Confidence limits
 Intensité de la pluie (mm/h) par période de retour - Limites de confiance de 95%
 
********************************************************************************
 
 Duration/Durée        2        5       10       25       50      100   #Years
                  yr/ans   yr/ans   yr/ans   yr/ans   yr/ans   yr/ans   Années
          5 min    107.1    148.0    175.0    209.1    234.5    259.6       48
                +/- 12.0 +/- 20.2 +/- 27.3 +/- 36.8 +/- 44.0 +/- 51.3       48
         10 min     72.2     97.5    114.2    135.4    151.1    166.6       48
                +/-  7.4 +/- 12.5 +/- 16.9 +/- 22.8 +/- 27.3 +/- 31.8       48
         15 min     56.8     77.5     91.3    108.7    121.6    134.4       48
                +/-  6.1 +/- 10.3 +/- 13.9 +/- 18.7 +/- 22.4 +/- 26.1       48
         30 min     36.9     51.5     61.2     73.4     82.4     91.4       50
                +/-  4.2 +/-  7.1 +/-  9.5 +/- 12.9 +/- 15.4 +/- 17.9       50
          1 h       23.0     32.3     38.5     46.2     52.0     57.7       50
                +/-  2.7 +/-  4.5 +/-  6.1 +/-  8.2 +/-  9.8 +/- 11.4       50
          2 h       13.8     19.2     22.7     27.1     30.4     33.7       50
                +/-  1.5 +/-  2.6 +/-  3.5 +/-  4.7 +/-  5.6 +/-  6.5       50
          6 h        6.4      8.4      9.7     11.4     12.7     13.9       50
                +/-  0.6 +/-  1.0 +/-  1.3 +/-  1.8 +/-  2.1 +/-  2.5       50
         12 h        3.7      5.0      5.8      6.8      7.5      8.3       50
                +/-  0.4 +/-  0.6 +/-  0.8 +/-  1.1 +/-  1.3 +/-  1.5       50
         24 h        2.1      2.7      3.1      3.6      4.0      4.4       50
                +/-  0.2 +/-  0.3 +/-  0.4 +/-  0.5 +/-  0.6 +/-  0.8       50
 
********************************************************************************
 
Table 3 : Interpolation Equation / Équation d'interpolation: R = A*T^B
 
R = Interpolated Rainfall rate (mm/h)/Intensité interpolée de la pluie (mm/h)
RR = Rainfall rate (mm/h) / Intensité de la pluie (mm/h)
 T = Rainfall duration (h) / Durée de la pluie (h)
 
********************************************************************************
 
       Statistics/Statistiques      2      5     10     25     50    100
                               yr/ans yr/ans yr/ans yr/ans yr/ans yr/ans
      Mean of RR/Moyenne de RR   35.8   49.1   57.9   69.1   77.4   85.6
    Std. Dev. /Écart-type (RR)   36.3   49.8   58.8   70.1   78.6   86.9
        Std. Error/Erreur-type    5.0    7.7    9.6   12.0   13.8   15.6
               Coefficient (A)   21.3   29.0   34.0   40.4   45.2   49.9
         Exponent/Exposant (B) -0.695 -0.705 -0.709 -0.713 -0.716 -0.718
 Mean % Error/% erreur moyenne    5.5    6.8    7.3    7.7    8.0    8.3
