                     Environment and Climate Change Canada
                 Environnement et Changement climatique Canada
                                        
           Short Duration Rainfall Intensity-Duration-Frequency Data
          Données sur l'intensité, la durée et la fréquence des chutes
                            de pluie de courte durée
                                        
                 Gumbel - Method of moments/Méthode des moments
                                        
                                   2022/10/31
                                        
================================================================================
 
 GUELPH TURFGRASS                                       ON        6143089       
                     
 Latitude:  43 33'N    Longitude: 80 13'W    Elevation/Altitude: 325        m
 
 Years/Années :  1954 - 2021          # Years/Années :     56   
 
================================================================================
 
********************************************************************************
 
Table 1 : Annual Maximum (mm)/Maximum annuel (mm)
 
********************************************************************************
 
          Year  5 min 10 min 15 min 30 min    1 h    2 h    6 h   12 h   24 h
         Année
          1954    6.3   12.2   17.3   22.6   23.9   25.1   50.3   83.1  115.8
          1955   12.7   15.0   15.7   18.3   21.6   26.9   28.7   39.1   46.5
          1956    8.9   12.2   13.5   17.8   19.8   30.5   37.1   57.7   66.3
          1957    6.9    9.1    9.9   12.7   16.5   19.0   30.5   32.5   51.3
          1958   11.4   14.7   16.0   17.8   19.6   21.1   35.6   53.8   58.7
          1959    7.4    8.9   10.4   12.7   15.0   18.5   26.2   27.2   27.2
          1960  -99.9  -99.9   15.0   19.6   19.8   19.8   28.2   32.8   44.7
          1961    7.9   12.4   13.2   16.8   20.1   31.5   37.8   37.8   50.0
          1962   10.9   11.4   14.2   15.5   22.4   27.7   31.7   33.3   54.4
          1963    9.4   13.2   15.5   18.5   19.8   22.1   27.4   31.7   34.8
          1964   11.4   16.8   22.1   32.3   43.7   43.7   45.0   45.0   51.6
          1965   11.9   15.0   17.3   17.8   17.8   19.0   30.0   35.8   45.5
          1966    3.6    4.8    6.9   10.2   15.0   27.9   45.5   45.7   55.1
          1967    6.9    9.1   11.2   14.7   23.1   33.0   43.9   45.2   45.2
          1968   12.7   19.0   25.7   40.9   71.6   71.9   79.5   79.5   79.5
          1969    3.6    6.1    8.1    9.1   11.9   21.1   46.2   46.2   46.2
          1970    9.1   15.0   18.3   26.9   30.7   31.7   33.5   33.8   34.3
          1971   12.7   25.4   30.5   39.4   39.4   42.2   60.7   61.0   61.0
          1972    7.9   10.9   12.7   15.5   20.8   22.4   27.2   30.2   49.3
          1973    9.4    9.9   11.7   18.3   22.1   27.2   31.2   32.3   33.3
          1976    5.3    7.4   10.2   12.2   13.7   21.1   40.1   65.8   70.6
          1977   11.2   16.8   21.6   22.4   22.4   22.4   22.6   22.6   38.6
          1978   10.1   12.9   13.2   13.4   15.4   17.7   22.9   26.6   35.7
          1979   11.7   12.0   12.0   14.7   18.7   25.7   37.2   38.4   42.5
          1980   12.7   16.1   17.2   17.4   18.0   21.6   33.3   43.1   48.6
          1981    5.9   10.1   13.7   17.2   17.8   21.2   27.1   35.5   49.6
          1982   10.1   20.2   28.7   46.3   55.8   66.5   69.5   69.7   69.8
          1983    9.1   10.9   12.2   13.6   13.8   17.8   28.8   34.8   35.0
          1984   13.0   17.7   21.7   23.7   23.9   24.7   26.7   26.7   41.6
          1985   11.6   13.0   19.4   30.5   30.5   30.5   40.6   43.7   46.2
          1986   15.7   19.7   22.5   29.2   29.8   34.0   50.6   62.5   83.8
          1987    8.6   10.5   10.5   13.4   18.5   23.2   34.7   43.4   53.7
          1988   10.1   17.4   24.2   32.3   33.2   51.5   52.9   52.9   53.4
          1989    3.9    6.8    7.2    7.4    9.8   12.7  -99.9  -99.9   37.4
          1990   11.4   16.7   19.7   23.2   30.3   33.5   39.6   41.1   41.6
          1991    8.4   10.4   11.1   16.1   21.7   30.9   45.6   57.0   62.6
          1997   13.6   15.0   15.6   24.6   28.2   28.2   28.4   28.4   29.2
          1998    7.8   10.2   12.2   18.0   24.4   28.4   29.6   29.8   54.0
          1999   12.2   23.6   26.4   28.0   29.6   30.6   38.8   43.0   48.2
          2000    8.2   14.6   17.6   23.2   26.8   27.6   31.2   36.2   41.6
          2001    5.4    9.2   10.6   17.2   19.6   22.2   29.4   36.0   36.6
          2002   15.0   21.4   24.8   24.8   24.8   24.8   31.4   31.4   43.8
          2003    5.6    8.6   10.4   12.8   17.8   20.2   21.0   25.8   27.4
          2007   11.2   17.6   22.6   28.2   29.8   29.8   34.4   38.8   40.6
          2009    7.8   13.8   17.0   20.0   21.0   21.0   24.8   25.4   28.8
          2010    7.6   10.0   10.4   15.0   18.2   18.8   26.6   30.6   31.0
          2011   13.2   19.4   25.2   31.4   31.6   31.6   31.6   33.2   40.8
          2012    6.6   12.8   15.4   17.6   18.6   26.6   37.4   39.6   39.6
          2013    7.0   11.6   17.4   24.0   30.4   32.6   53.4   53.4   56.8
          2014   10.6   15.8   20.8   37.8   55.0   56.0   56.2   56.4   56.6
          2015    8.6   12.0   12.6   14.6   18.6   23.8   36.8   37.0   37.0
          2016    7.6   10.8   12.2   15.0   19.2   23.2   25.0   25.2   32.8
          2017    8.4   10.4   11.6   13.2   20.0   24.2   24.4   27.4   31.6
          2018    8.2   10.4   10.4   11.2   11.8   11.8   19.2   21.8   32.2
          2019    7.6   10.2   10.8   13.4   18.6   19.4   24.0   33.4   35.4
          2020   12.4   15.8   16.4   17.4   17.8   21.8   31.0   44.8   66.6
          2021    8.8   11.6   13.4   19.2   21.4   22.6   31.2   43.8   52.8
        ---------------------------------------------------------------------
        # Yrs.     56     56     57     57     57     57     56     56     57
        Années
          Mean    9.3   13.3   15.9   20.3   24.1   27.8   36.0   40.9   47.8
       Moyenne
     Std. Dev.    2.8    4.3    5.6    8.3   11.1   11.3   12.0   13.8   15.8
    Écart-type
         Skew.   0.02   0.63   0.73   1.17   2.31   2.16   1.49   1.18   1.75
   Dissymétrie
      Kurtosis   2.64   3.42   2.93   4.23   9.65   8.60   5.72   4.31   8.21
 
          *-99.9 Indicates Missing Data/Données manquantes
 
 Warning: annual maximum amount greater than 100-yr return period amount
 Avertissement : la quantité maximale annuelle excède la quantité
                 pour une période de retour de 100 ans
          Year/Année      Duration/Durée        Data/Données          100-yr/ans
                1954              24 h                 115.8                97.3
                1968               1 h                  71.6                58.8
                1968               2 h                  71.9                63.4
                1968               6 h                  79.5                73.7
                1982               2 h                  66.5                63.4
 
********************************************************************************
 
Table 2a : Return Period Rainfall Amounts (mm)
           Quantité de pluie (mm) par période de retour
 
********************************************************************************
 
 Duration/Durée        2        5       10       25       50      100   #Years
                  yr/ans   yr/ans   yr/ans   yr/ans   yr/ans   yr/ans   Années
          5 min      8.9     11.4     13.0     15.1     16.7     18.2       56
         10 min     12.6     16.4     18.9     22.1     24.4     26.8       56
         15 min     14.9     19.9     23.2     27.3     30.4     33.5       57
         30 min     18.9     26.3     31.2     37.3     41.9     46.4       57
          1 h       22.2     32.0     38.5     46.7     52.7     58.8       57
          2 h       25.9     35.9     42.6     51.0     57.2     63.4       57
          6 h       34.0     44.6     51.7     60.6     67.2     73.7       56
         12 h       38.6     50.8     58.9     69.0     76.6     84.1       56
         24 h       45.2     59.2     68.4     80.0     88.7     97.3       57
 
********************************************************************************
 
Table 2b :
 
 Return Period Rainfall Rates (mm/h) - 95% Confidence limits
 Intensité de la pluie (mm/h) par période de retour - Limites de confiance de 95%
 
********************************************************************************
 
 Duration/Durée        2        5       10       25       50      100   #Years
                  yr/ans   yr/ans   yr/ans   yr/ans   yr/ans   yr/ans   Années
          5 min    106.5    136.5    156.4    181.4    200.0    218.5       56
                +/-  8.2 +/- 13.7 +/- 18.5 +/- 25.0 +/- 29.9 +/- 34.9       56
         10 min     75.5     98.3    113.4    132.5    146.6    160.7       56
                +/-  6.2 +/- 10.4 +/- 14.1 +/- 19.0 +/- 22.8 +/- 26.5       56
         15 min     59.8     79.6     92.7    109.3    121.6    133.9       57
                +/-  5.3 +/-  9.0 +/- 12.2 +/- 16.4 +/- 19.6 +/- 22.9       57
         30 min     37.9     52.6     62.3     74.6     83.8     92.8       57
                +/-  4.0 +/-  6.7 +/-  9.0 +/- 12.2 +/- 14.6 +/- 17.0       57
          1 h       22.2     32.0     38.5     46.7     52.7     58.8       57
                +/-  2.6 +/-  4.4 +/-  6.0 +/-  8.1 +/-  9.7 +/- 11.3       57
          2 h       12.9     18.0     21.3     25.5     28.6     31.7       57
                +/-  1.4 +/-  2.3 +/-  3.1 +/-  4.1 +/-  5.0 +/-  5.8       57
          6 h        5.7      7.4      8.6     10.1     11.2     12.3       56
                +/-  0.5 +/-  0.8 +/-  1.1 +/-  1.5 +/-  1.8 +/-  2.1       56
         12 h        3.2      4.2      4.9      5.8      6.4      7.0       56
                +/-  0.3 +/-  0.5 +/-  0.6 +/-  0.8 +/-  1.0 +/-  1.2       56
         24 h        1.9      2.5      2.8      3.3      3.7      4.1       57
                +/-  0.2 +/-  0.3 +/-  0.4 +/-  0.5 +/-  0.6 +/-  0.7       57
 
********************************************************************************
 
Table 3 : Interpolation Equation / Équation d'interpolation: R = A*T^B
 
R = Interpolated Rainfall rate (mm/h)/Intensité interpolée de la pluie (mm/h)
RR = Rainfall rate (mm/h) / Intensité de la pluie (mm/h)
 T = Rainfall duration (h) / Durée de la pluie (h)
 
********************************************************************************
 
       Statistics/Statistiques      2      5     10     25     50    100
                               yr/ans yr/ans yr/ans yr/ans yr/ans yr/ans
      Mean of RR/Moyenne de RR   36.2   47.9   55.7   65.5   72.7   80.0
    Std. Dev. /Écart-type (RR)   37.1   47.7   54.7   63.6   70.3   76.8
        Std. Error/Erreur-type    7.7   12.8   16.1   20.4   23.5   26.7
               Coefficient (A)   20.6   27.6   32.2   38.0   42.4   46.6
         Exponent/Exposant (B) -0.729 -0.729 -0.729 -0.729 -0.728 -0.728
 Mean % Error/% erreur moyenne    6.6    9.3   10.6   11.7   12.4   12.9
