                     Environment and Climate Change Canada
                 Environnement et Changement climatique Canada
                                        
           Short Duration Rainfall Intensity-Duration-Frequency Data
          Données sur l'intensité, la durée et la fréquence des chutes
                            de pluie de courte durée
                                        
                 Gumbel - Method of moments/Méthode des moments
                                        
                                   2022/10/31
                                        
================================================================================
 
 TORONTO INTL A                                         ON        6158731       
                     
 Latitude:  43 41'N    Longitude: 79 38'W    Elevation/Altitude: 173        m
 
 Years/Années :  1950 - 2017          # Years/Années :     64   
 
================================================================================
 
********************************************************************************
 
Table 1 : Annual Maximum (mm)/Maximum annuel (mm)
 
********************************************************************************
 
          Year  5 min 10 min 15 min 30 min    1 h    2 h    6 h   12 h   24 h
         Année
          1950    7.6   11.7   15.2   18.5   21.3   22.4   33.8   39.4   41.4
          1951   10.4   16.0   21.8   24.6   25.9   27.7   34.3   36.1   41.7
          1954    9.4   11.7   14.5   22.9   31.2   33.8   80.8  110.7  137.4
          1955    7.1   11.7   15.7   20.3   20.6   20.6   35.1   52.8   58.7
          1956   11.9   17.8   21.1   24.4   24.6   30.0   46.0   46.5   46.7
          1957    7.4   10.2   13.0   17.8   21.3   28.7   46.0   53.8   54.1
          1958    5.8    6.1    6.1    8.1    8.9   11.2   20.3   30.0   32.3
          1959    7.1    8.4    8.6    9.9   10.4   14.0   22.4   27.9   29.5
          1960    6.1   11.2   13.5   17.8   27.2   38.6   43.9   43.9   43.9
          1961    9.4   10.7   11.2   17.0   19.6   24.6   30.0   33.5   33.5
          1962   17.0   20.8   23.4   31.5   32.5   33.0   46.2   80.3   88.9
          1963   10.7   14.2   19.8   21.8   22.4   33.5   33.8   37.1   38.4
          1964    8.4    9.7   12.7   20.6   21.8   25.1   36.1   42.4   54.9
          1965    9.4   10.9   11.4   12.2   15.5   18.3   23.9   35.8   46.2
          1966    4.6    6.3    7.9    9.1   15.0   23.6   36.6   36.8   49.8
          1967   12.4   13.5   15.2   16.5   17.8   22.9   30.2   33.8   43.2
          1968   10.7   17.5   23.1   34.3   45.7   48.5   65.0   67.3   67.6
          1969    5.3   10.7   15.5   22.9   31.0   44.2   47.5   48.5   49.3
          1970   18.5   25.9   30.2   40.4   47.5   49.8   58.7   63.0   80.8
          1971   11.7   13.7   17.3   24.4   31.5   32.5   37.1   38.4   42.4
          1972    4.8    6.9    7.6   11.7   11.9   16.0   26.2   34.3   38.9
          1973    8.1    9.4   11.9   17.0   19.3   27.9   33.5   35.6   39.6
          1974    8.9   13.0   16.3   26.9   27.4   30.0   43.4   56.1   57.2
          1975    8.9   16.5   18.0   20.3   20.3   22.6   38.4   47.8   48.5
          1976    8.4   14.5   17.8   21.3   21.3   21.3   22.9   32.5   42.4
          1977   11.4   18.8   28.2   30.7   33.3   33.3   44.4   49.3   49.3
          1978    6.9   13.0   15.1   16.6   17.3   18.7   25.5   29.0   38.6
          1979   11.5   20.0   28.5   40.0   40.1   40.1   40.1   40.1   43.8
          1980   10.2   18.4   21.4   28.2   36.3   66.9   92.8  101.8  119.9
          1981  -99.9  -99.9  -99.9   28.8   31.3   32.8   36.3   36.4   36.4
          1982    5.1   10.1   14.1   26.3   37.4   45.7   56.9   57.1   57.1
          1983   12.0   13.5   17.9   28.5   29.3   29.6   29.6   30.0   34.0
          1984    6.0   10.1   13.8   18.3   18.7   19.2   19.3   26.8   34.0
          1985   11.7   17.9   21.2   26.5   26.8   33.5   36.4   40.5   40.5
          1986   14.1   20.2   26.3   30.1   30.5   47.7   68.8   71.6   72.0
          1987   12.9   20.2   24.2   35.6   35.8   35.8   37.2   37.2   41.4
          1988    7.9   15.7   23.3   29.3   29.4   29.4   30.8   30.8   32.4
          1989   13.1   20.5   21.4   21.7   21.7   21.8   27.1   27.3   42.4
          1990    7.4   11.6   13.4   15.8   25.3   25.7   25.7   29.2   44.2
          1991    8.8   12.5   16.5   19.0   19.0   23.7   41.5   44.3   44.3
          1992   10.1   11.2   13.5   16.7   20.9   31.1   40.9   42.6   58.0
          1993    6.4    8.3   11.5   17.5   22.0   32.8   37.2   38.4   47.7
          1994    8.9   10.0   12.0   19.5   22.9   24.7   27.8   28.8   39.1
          1995   13.4   19.4   20.7   28.8   32.3   32.5   61.2   75.5   78.8
          1996    5.4    6.9    8.3   12.9   15.5   15.7   31.1   59.3   66.6
          1997    5.1    6.2    7.5    9.0   12.6   18.9   22.0   27.0   32.7
          1998    7.0   13.9   16.8   20.6   21.2   21.2   21.2   32.1   44.1
          1999    6.7   10.1   11.6   13.8   18.0   25.2   37.4   44.3   52.4
          2000    7.8   13.6   15.6   17.4   21.8   27.0   44.0   44.0   59.4
          2001    3.3    5.2    7.0    8.5    9.3   12.5   20.8   29.4   40.5
          2002    4.5    6.6    7.6   10.5   12.4   13.6   22.9   29.0   29.0
          2003    7.5   11.5   14.8   17.1   23.4   24.6   29.0   34.5   34.7
          2004    7.5   12.0   15.1   26.3   30.8   30.8   30.8   30.8   32.0
          2006    6.9    9.3   10.2   12.0   12.5   13.5   29.3   35.0   36.2
          2007    8.1    9.6   11.8   18.0   18.6   21.0   33.4   41.4   46.6
          2008    8.1   12.1   14.4   17.7   26.9   28.9   28.9   42.6   69.2
          2009   10.1   18.2   20.6   24.3   27.6   27.6   28.0   40.0   40.9
          2010    7.8   12.6   16.3   25.9   37.3   47.6   53.2   53.2   53.2
          2011    7.9   10.1   12.0   13.0   14.7   19.2   22.8   40.4   51.1
          2012   14.2   18.5   21.3   27.7   30.5   35.4   41.8   42.9   43.9
          2013   14.6   21.8   28.2   49.9   78.6  101.7  125.6  126.0  126.5
          2014    5.4    7.1    8.8   11.5   14.9   19.2   25.5   34.1   34.8
          2015    7.2   10.4   13.5   18.0   19.7   20.5   35.2   35.8   41.0
          2016    7.2   11.1   16.5   20.5   25.4   26.7   32.9   35.7   35.7
          2017    8.0   12.1   12.6   14.4   24.7   28.7   32.4   36.9   44.7
        ---------------------------------------------------------------------
        # Yrs.     64     64     64     65     65     65     65     65     65
        Années
          Mean    8.9   13.0   16.0   21.2   24.9   29.3   38.5   44.5   50.4
       Moyenne
     Std. Dev.    3.1    4.6    5.8    8.3   10.8   13.8   17.9   19.3   21.3
    Écart-type
         Skew.   0.85   0.58   0.53   0.89   2.08   2.68   2.56   2.39   2.46
   Dissymétrie
      Kurtosis   3.80   2.93   2.90   4.37  11.51  14.47  11.94   9.49   9.79
 
          *-99.9 Indicates Missing Data/Données manquantes
 
 Warning: annual maximum amount greater than 100-yr return period amount
 Avertissement : la quantité maximale annuelle excède la quantité
                 pour une période de retour de 100 ans
          Year/Année      Duration/Durée        Data/Données          100-yr/ans
                1954              12 h                 110.7               105.2
                1954              24 h                 137.4               117.3
                1980              24 h                 119.9               117.3
                2013              30 min                49.9                47.3
                2013               1 h                  78.6                58.8
                2013               2 h                 101.7                72.5
                2013               6 h                 125.6                94.6
                2013              12 h                 126.0               105.2
                2013              24 h                 126.5               117.3
 
********************************************************************************
 
Table 2a : Return Period Rainfall Amounts (mm)
           Quantité de pluie (mm) par période de retour
 
********************************************************************************
 
 Duration/Durée        2        5       10       25       50      100   #Years
                  yr/ans   yr/ans   yr/ans   yr/ans   yr/ans   yr/ans   Années
          5 min      8.4     11.1     12.9     15.2     16.9     18.6       64
         10 min     12.2     16.2     18.9     22.3     24.8     27.3       64
         15 min     15.0     20.1     23.5     27.8     31.0     34.1       64
         30 min     19.9     27.2     32.1     38.2     42.8     47.3       65
          1 h       23.1     32.7     39.0     47.0     52.9     58.8       65
          2 h       27.1     39.2     47.3     57.4     65.0     72.5       65
          6 h       35.5     51.3     61.8     75.0     84.9     94.6       65
         12 h       41.4     58.5     69.8     84.1     94.7    105.2       65
         24 h       46.9     65.7     78.2     94.0    105.7    117.3       65
 
********************************************************************************
 
Table 2b :
 
 Return Period Rainfall Rates (mm/h) - 95% Confidence limits
 Intensité de la pluie (mm/h) par période de retour - Limites de confiance de 95%
 
********************************************************************************
 
 Duration/Durée        2        5       10       25       50      100   #Years
                  yr/ans   yr/ans   yr/ans   yr/ans   yr/ans   yr/ans   Années
          5 min    100.4    133.2    155.0    182.4    202.8    223.0       64
                +/-  8.4 +/- 14.1 +/- 19.0 +/- 25.6 +/- 30.7 +/- 35.7       64
         10 min     73.2     97.5    113.5    133.7    148.8    163.7       64
                +/-  6.2 +/- 10.4 +/- 14.0 +/- 18.9 +/- 22.6 +/- 26.3       64
         15 min     60.1     80.6     94.1    111.3    124.0    136.6       64
                +/-  5.2 +/-  8.8 +/- 11.9 +/- 16.0 +/- 19.1 +/- 22.3       64
         30 min     39.7     54.4     64.1     76.4     85.5     94.6       65
                +/-  3.7 +/-  6.2 +/-  8.4 +/- 11.4 +/- 13.6 +/- 15.9       65
          1 h       23.1     32.7     39.0     47.0     52.9     58.8       65
                +/-  2.4 +/-  4.1 +/-  5.5 +/-  7.4 +/-  8.8 +/- 10.3       65
          2 h       13.5     19.6     23.6     28.7     32.5     36.2       65
                +/-  1.5 +/-  2.6 +/-  3.5 +/-  4.7 +/-  5.6 +/-  6.6       65
          6 h        5.9      8.6     10.3     12.5     14.1     15.8       65
                +/-  0.7 +/-  1.1 +/-  1.5 +/-  2.0 +/-  2.4 +/-  2.8       65
         12 h        3.4      4.9      5.8      7.0      7.9      8.8       65
                +/-  0.4 +/-  0.6 +/-  0.8 +/-  1.1 +/-  1.3 +/-  1.5       65
         24 h        2.0      2.7      3.3      3.9      4.4      4.9       65
                +/-  0.2 +/-  0.3 +/-  0.5 +/-  0.6 +/-  0.7 +/-  0.8       65
 
********************************************************************************
 
Table 3 : Interpolation Equation / Équation d'interpolation: R = A*T^B
 
R = Interpolated Rainfall rate (mm/h)/Intensité interpolée de la pluie (mm/h)
RR = Rainfall rate (mm/h) / Intensité de la pluie (mm/h)
 T = Rainfall duration (h) / Durée de la pluie (h)
 
********************************************************************************
 
       Statistics/Statistiques      2      5     10     25     50    100
                               yr/ans yr/ans yr/ans yr/ans yr/ans yr/ans
      Mean of RR/Moyenne de RR   35.7   48.2   56.5   67.0   74.8   82.5
    Std. Dev. /Écart-type (RR)   35.2   46.5   54.0   63.5   70.5   77.5
        Std. Error/Erreur-type    9.1   12.6   14.9   17.9   20.1   22.3
               Coefficient (A)   21.0   29.0   34.3   41.0   46.0   50.9
         Exponent/Exposant (B) -0.713 -0.699 -0.694 -0.689 -0.686 -0.684
 Mean % Error/% erreur moyenne    8.4    9.9   10.5   11.0   11.3   11.5
