                     Environment and Climate Change Canada
                 Environnement et Changement climatique Canada
                                        
           Short Duration Rainfall Intensity-Duration-Frequency Data
          Données sur l'intensité, la durée et la fréquence des chutes
                            de pluie de courte durée
                                        
                 Gumbel - Method of moments/Méthode des moments
                                        
                                   2022/10/31
                                        
================================================================================
 
 PICKLE LAKE (AUT)                                      ON        6016525       
 (composite)         
 Latitude:  51 27'N    Longitude: 90 13'W    Elevation/Altitude: 390        m
 
 Years/Années :  1953 - 2021          # Years/Années :     55   
 
================================================================================
 
********************************************************************************
 
Table 1 : Annual Maximum (mm)/Maximum annuel (mm)
 
********************************************************************************
 
          Year  5 min 10 min 15 min 30 min    1 h    2 h    6 h   12 h   24 h
         Année
          1953    7.6   13.2   13.7   15.2   18.3   18.3   30.5   41.9   46.0
          1954    7.6    7.9    7.9    7.9   10.4   13.2   25.1   31.5   31.7
          1955   15.2   27.9   30.0   33.0   34.5   43.7   49.8   50.3   59.7
          1956    6.3   11.7   11.9   21.8   24.4   29.5   36.8   39.1   39.1
          1957   12.7   14.2   17.8   20.3   20.3   20.8   22.9   23.1   37.6
          1958    6.6    8.4   11.2   14.7   15.5   17.8   31.5   31.5   47.2
          1959    7.1   11.2   12.2   17.5   21.1   25.4   30.5   35.8   42.4
          1960    6.1    7.1    9.9   19.0   31.0   40.4   49.0   57.1   62.0
          1964   11.9   13.7   14.0   15.2   15.2   22.4   49.5   75.7   84.1
          1965    7.4    7.9   10.9   15.7   17.3   21.8  -99.9  -99.9   45.7
          1966   12.2   14.7   16.5   16.5   16.5   16.5   23.6   31.2   41.4
          1967    5.6    9.1   12.4   22.6   25.1   27.9   30.5   30.5   38.4
          1968    8.4    8.6    9.1   10.2   11.7   13.7   19.8   24.1   42.4
          1969    4.6    7.6    8.1   10.9   14.0   18.3   34.0   34.5   38.9
          1970   10.2   13.0   15.0   20.1   24.4   26.7   37.3   54.1   61.7
          1971    8.4   10.2   10.7   10.9   11.4   15.0   31.0   49.8   57.1
          1974    4.6    5.8    8.9   11.9   19.3   23.4   26.7   32.5   36.8
          1975    8.1    9.9   11.4   19.1   21.6   21.8   27.7   45.0   47.2
          1976    8.1    9.9   10.2   15.2   15.5   21.8   29.0   30.5   31.2
          1977   10.9   20.1   23.9   34.8   49.8   53.1   74.7   76.0   76.0
          1978    8.9   16.0   18.5   27.6   29.3   29.8   29.9   29.9   37.8
          1979   11.2   17.0   24.6   28.3   30.5   35.2   42.4   51.4   61.7
          1980    3.8    5.4    7.2   12.1   13.3   17.1   20.4   21.2   31.8
          1981  -99.9  -99.9  -99.9  -99.9    9.4    9.4   14.8   18.7   22.0
          1982    7.1    8.3    8.9   14.1   17.4   21.0   27.8   30.1   34.8
          1983    8.5   11.9   15.3   19.4   27.1   34.5   44.2   46.2   48.8
          1984    4.4    6.1    8.2    9.1   14.3   17.8   22.8   27.8   32.6
          1985    4.2    6.1    8.2   10.3   13.2   16.7   27.8   39.8   56.7
          1986    8.3    8.8   10.4   11.8   12.9   15.5   32.6   35.6   36.0
          1987    6.3    6.9    8.0    9.6   12.0   16.9   25.2   34.7   40.8
          1988   12.0   17.4   26.0   30.0   30.2   30.4   31.8   33.8   37.8
          1989    6.8   11.5   15.8   26.5   38.2   39.1   41.6   45.0   45.0
          1990    6.9    8.9    9.9   13.7   15.2   16.0   27.2   27.3   41.8
          1991    7.7   11.7   15.5   28.7   35.6   40.6   43.0   44.8   46.8
          1992    5.9    7.5    9.0    9.4   12.2   21.0   29.5   41.8   53.1
          1993    5.8    6.9    9.1   14.5   18.1   19.5   27.8   29.2   29.3
          1994   13.8   15.8   17.0   18.0   18.0   20.5   24.6   25.7   32.1
          1995    9.1   14.7   15.1   18.3   23.3   30.9   49.8   55.7   64.3
          1996   13.2   16.7   24.1   31.2   45.2   47.0   84.6  100.1  112.7
          1997   10.4   11.2   11.4   11.6   12.3   12.3   15.9   19.2   25.0
          2003    9.3   11.2   12.4   16.3   26.4   31.0   36.6   43.5   62.0
          2004   12.3   17.5   21.7   25.9   27.5   30.5   35.3   39.3   59.0
          2007    6.9   11.5   13.0   19.5   27.6   30.0   34.0   35.3   47.3
          2008    5.4    7.0    8.0    8.8   10.4   12.2   16.6   19.0   26.4
          2009    5.6    8.6   11.0   13.8   16.8   22.0   30.0   31.2   37.6
          2010    8.2    8.8   10.8   16.2   24.4   25.4   35.4   35.6   36.6
          2011    7.8   10.6   11.6   12.6   13.2   13.2   22.6   26.0   26.0
          2012    9.6   12.6   13.6   16.0   18.6   24.4   46.8   57.8   58.0
          2013    5.8    7.0   10.0   15.0   24.4   28.0   28.6   28.6   37.6
          2014    9.2   11.6   12.0   12.0   15.4   24.0   27.6   30.4   44.8
          2016    4.4    6.0    6.8    9.8   10.8   16.0   29.4   39.0   52.4
          2017    3.8    5.0    5.4    7.8    9.8   10.2   19.4   19.4   19.4
          2018    5.4    7.8   10.0   16.0   23.4   26.0   30.6   34.4   34.4
          2019    7.4   12.4   15.0   18.2   20.0   21.0   26.6   31.4   33.2
          2020    6.4    8.0    9.2    9.8   19.0   19.6   22.6   24.0   31.2
          2021    6.8    9.4   10.4   16.2   20.4   23.2   45.2   53.2   53.2
        ---------------------------------------------------------------------
        # Yrs.     55     55     55     55     56     56     55     55     56
        Années
          Mean    8.0   10.8   12.9   16.9   20.6   23.9   32.9   38.2   44.9
       Moyenne
     Std. Dev.    2.7    4.3    5.2    6.8    8.8    9.4   12.7   15.3   16.1
    Écart-type
         Skew.   0.69   1.45   1.43   0.95   1.22   1.02   1.93   1.74   1.65
   Dissymétrie
      Kurtosis   3.05   6.49   4.93   3.37   4.73   4.08   8.50   7.45   7.82
 
          *-99.9 Indicates Missing Data/Données manquantes
 
 Warning: annual maximum amount greater than 100-yr return period amount
 Avertissement : la quantité maximale annuelle excède la quantité
                 pour une période de retour de 100 ans
          Year/Année      Duration/Durée        Data/Données          100-yr/ans
                1955              10 min                27.9                24.2
                1955              15 min                30.0                29.3
                1977               1 h                  49.8                48.2
                1977               6 h                  74.7                72.9
                1996               6 h                  84.6                72.9
                1996              12 h                 100.1                86.2
                1996              24 h                 112.7                95.5
 
********************************************************************************
 
Table 2a : Return Period Rainfall Amounts (mm)
           Quantité de pluie (mm) par période de retour
 
********************************************************************************
 
 Duration/Durée        2        5       10       25       50      100   #Years
                  yr/ans   yr/ans   yr/ans   yr/ans   yr/ans   yr/ans   Années
          5 min      7.5      9.9     11.5     13.5     15.0     16.5       55
         10 min     10.1     13.9     16.4     19.6     21.9     24.2       55
         15 min     12.0     16.7     19.7     23.6     26.5     29.3       55
         30 min     15.8     21.8     25.8     30.8     34.5     38.2       55
          1 h       19.1     26.9     32.1     38.6     43.4     48.2       56
          2 h       22.4     30.7     36.2     43.1     48.3     53.4       56
          6 h       30.8     42.1     49.5     59.0     65.9     72.9       55
         12 h       35.7     49.2     58.2     69.5     77.9     86.2       55
         24 h       42.3     56.5     66.0     77.9     86.7     95.5       56
 
********************************************************************************
 
Table 2b :
 
 Return Period Rainfall Rates (mm/h) - 95% Confidence limits
 Intensité de la pluie (mm/h) par période de retour - Limites de confiance de 95%
 
********************************************************************************
 
 Duration/Durée        2        5       10       25       50      100   #Years
                  yr/ans   yr/ans   yr/ans   yr/ans   yr/ans   yr/ans   Années
          5 min     90.2    119.1    138.2    162.3    180.2    198.0       55
                +/-  7.9 +/- 13.3 +/- 18.0 +/- 24.3 +/- 29.1 +/- 33.8       55
         10 min     60.8     83.5     98.5    117.4    131.5    145.5       55
                +/-  6.2 +/- 10.5 +/- 14.2 +/- 19.1 +/- 22.8 +/- 26.6       55
         15 min     48.1     66.6     78.9     94.4    105.9    117.4       55
                +/-  5.1 +/-  8.6 +/- 11.6 +/- 15.6 +/- 18.7 +/- 21.8       55
         30 min     31.6     43.6     51.5     61.5     69.0     76.3       55
                +/-  3.3 +/-  5.5 +/-  7.5 +/- 10.1 +/- 12.1 +/- 14.1       55
          1 h       19.1     26.9     32.1     38.6     43.4     48.2       56
                +/-  2.1 +/-  3.6 +/-  4.8 +/-  6.5 +/-  7.8 +/-  9.1       56
          2 h       11.2     15.3     18.1     21.6     24.1     26.7       56
                +/-  1.1 +/-  1.9 +/-  2.6 +/-  3.5 +/-  4.1 +/-  4.8       56
          6 h        5.1      7.0      8.3      9.8     11.0     12.1       55
                +/-  0.5 +/-  0.9 +/-  1.2 +/-  1.6 +/-  1.9 +/-  2.2       55
         12 h        3.0      4.1      4.8      5.8      6.5      7.2       55
                +/-  0.3 +/-  0.5 +/-  0.7 +/-  0.9 +/-  1.1 +/-  1.3       55
         24 h        1.8      2.4      2.7      3.2      3.6      4.0       56
                +/-  0.2 +/-  0.3 +/-  0.4 +/-  0.5 +/-  0.6 +/-  0.7       56
 
********************************************************************************
 
Table 3 : Interpolation Equation / Équation d'interpolation: R = A*T^B
 
R = Interpolated Rainfall rate (mm/h)/Intensité interpolée de la pluie (mm/h)
RR = Rainfall rate (mm/h) / Intensité de la pluie (mm/h)
 T = Rainfall duration (h) / Durée de la pluie (h)
 
********************************************************************************
 
       Statistics/Statistiques      2      5     10     25     50    100
                               yr/ans yr/ans yr/ans yr/ans yr/ans yr/ans
      Mean of RR/Moyenne de RR   30.1   40.9   48.1   57.2   63.9   70.6
    Std. Dev. /Écart-type (RR)   30.7   41.0   47.8   56.5   62.9   69.2
        Std. Error/Erreur-type    4.5    7.9   10.1   12.8   14.9   16.9
               Coefficient (A)   17.7   24.2   28.5   34.0   38.0   42.0
         Exponent/Exposant (B) -0.704 -0.704 -0.704 -0.703 -0.703 -0.703
 Mean % Error/% erreur moyenne    5.6    6.7    7.2    7.6    7.8    8.0
