                     Environment and Climate Change Canada
                 Environnement et Changement climatique Canada
                                        
           Short Duration Rainfall Intensity-Duration-Frequency Data
          Données sur l'intensité, la durée et la fréquence des chutes
                            de pluie de courte durée
                                        
                 Gumbel - Method of moments/Méthode des moments
                                        
                                   2022/10/31
                                        
================================================================================
 
 WINDSOR A                                              ON        6139525       
                     
 Latitude:  42 17'N    Longitude: 82 58'W    Elevation/Altitude: 189        m
 
 Years/Années :  1946 - 2016          # Years/Années :     66   
 
================================================================================
 
********************************************************************************
 
Table 1 : Annual Maximum (mm)/Maximum annuel (mm)
 
********************************************************************************
 
          Year  5 min 10 min 15 min 30 min    1 h    2 h    6 h   12 h   24 h
         Année
          1946   10.7   14.2   15.0   22.6   29.0   42.7   46.2   49.3   54.9
          1947    9.7   18.8   23.4   27.9   37.8   38.1   54.4   61.0   71.4
          1948    7.1    7.9    9.9   11.7   15.0   16.0   30.7   40.1   44.2
          1949   11.9   19.3   22.4   29.0   47.0   51.8   54.1   57.9   71.6
          1951    5.8    8.9   13.2   18.5   26.9   34.3   38.1   44.7   53.8
          1952    7.4   13.2   15.0   19.0   30.7   37.1   43.9   46.7   47.0
          1953   20.1   20.8   21.1   32.5   40.6   51.1   52.3   54.9   55.1
          1954    8.9   13.7   16.0   20.6   24.6   27.4   52.1   66.3   67.3
          1955    8.4    9.4   12.4   18.8   21.3   34.0   41.7   41.9   60.2
          1956    8.4   11.7   12.2   15.5   23.4   30.7   35.6   39.9   44.2
          1957   10.9   19.8   26.7   46.5   52.8   57.4   96.8  100.3  100.3
          1958    7.9   11.7   11.9   15.0   23.1   29.5   35.1   38.9   40.4
          1959   11.7   16.3   17.5   21.3   21.6   34.0   40.6   60.5   65.5
          1960    7.6   10.7   12.4   16.8   29.5   34.5   36.6   43.9   54.4
          1961   11.7   17.3   22.6   35.8   38.1   43.2   43.2   43.2   45.7
          1962   14.0   21.8   24.4   34.0   54.6   64.3   64.8   64.8   64.8
          1963   13.0   20.1   27.2   40.9   43.9   45.0   45.0   45.0   56.9
          1964   13.2   17.5   22.4   27.2   27.2   28.7   33.5   36.6   39.4
          1965    7.9   12.7   13.7   15.7   22.6   27.2   32.8   55.1   58.9
          1966   14.5   18.8   23.1   32.5   33.0   47.0   57.1   64.5   67.3
          1967   13.7   20.1   21.8   24.9   26.4   26.4   41.1   62.2   72.6
          1968   10.2   15.2   17.5   25.9   36.8   38.1   60.2   77.2   78.2
          1969   11.2   19.0   20.8   27.7   27.7   36.1   57.1   57.1   57.1
          1970    9.4   12.2   16.5   17.0   22.6   29.5   29.7   36.6   39.6
          1971    9.4   17.8   25.7   35.1   35.1   35.1   43.9   43.9   43.9
          1972    9.9   12.2   14.5   19.6   25.9   28.7   31.0   31.2   39.1
          1973   12.7   18.0   22.6   27.9   30.0   30.2   33.5   37.8   40.4
          1974   15.0   26.2   39.4   41.1   45.0   49.5   49.8   49.8   49.8
          1975    8.4   14.2   21.1   24.9   25.1   31.7   40.6   44.7   52.8
          1976    9.1   13.2   14.0   16.5   22.9   27.4   34.3   35.3   40.4
          1977    7.1   10.9   14.0   16.5   25.4   29.2   29.2   31.7   41.4
          1978    8.8   10.5   11.8   20.4   21.1   21.1   22.5   28.6   31.0
          1979   10.4   16.6   24.9   32.0   48.3   52.6   55.3   60.8   61.2
          1980   14.1   17.2   25.0   35.6   45.3   45.6   46.3   79.8   80.0
          1981  -99.9   16.7   23.3   26.0   32.0   45.6   77.3   81.7   92.3
          1982    7.7   10.7   13.2   18.9   27.3   28.3   28.3   40.4   49.9
          1983   15.0   16.5   22.1   32.3   38.7   45.4   62.1   62.1   82.0
          1984    6.0    8.8   11.3   17.5   17.7   21.0   32.6   34.9   37.2
          1985   11.2   13.3   13.9   18.7   24.6   39.6   58.4   59.2   59.2
          1986    8.0   12.7   18.0   19.4   20.7   32.0   37.7   47.7   88.6
          1987   11.9   16.5   19.8   24.5   29.9   36.1   39.1   41.6   52.8
          1988    7.0    8.8   12.5   12.7   12.9   14.4   28.0   32.3   33.0
          1989    7.4   11.9   17.5   21.2   27.0   36.3   48.3   61.7   71.8
          1990   11.4   16.0   18.8   20.5   22.4   26.4   41.9   52.2   70.6
          1991    5.6    9.6   12.9   25.7   37.2   40.5   40.5   40.7   43.2
          1992    6.5    9.8   12.0   16.9   25.7   29.8   34.4   34.4   45.8
          1993    7.0    9.6   10.5   11.2   17.2   23.9   28.7   30.6   44.7
          1994    8.3   11.3   14.6   23.8   30.0   43.2   51.3   51.5   80.7
          1995    9.7   17.2   24.3   40.5   56.7   58.9   63.0   63.0   63.6
          1996   13.5   15.4   16.8   18.7   18.7   19.1   40.2   40.4   46.3
          1997    7.9   11.5   15.6   17.5   21.8   30.6   38.2   39.9   41.7
          1998    7.3   12.7   13.9   15.7   16.4   26.8   31.4   36.2   57.4
          1999    9.3   13.3   16.5   20.8   21.0   22.2   23.4   24.8   29.8
          2000    7.6   11.2   13.1   20.4   26.4   31.0   51.8   89.0   94.6
          2001    6.1   10.2   12.2   12.8   14.3   17.2   24.1   38.1   48.4
          2002    6.9    9.1   10.8   14.4   17.2   17.4   29.6   31.7   43.2
          2003    7.2   10.0   12.2   14.4   14.8   14.8   22.7   33.5   34.6
          2004   13.3   15.7   18.6   20.4   22.1   33.2   35.8   37.3   53.7
          2005   10.5   16.9   24.0   25.8   26.0   26.0   29.8   30.6   41.2
          2006   10.6   18.3   23.6   26.6   35.7   51.3   53.1   53.3   66.9
          2007    8.0   15.1   18.7   30.9   48.6   48.8   50.4   55.8   57.6
          2008    9.7   18.5   26.7   35.9   37.4   38.0   47.2   65.7   75.3
          2012   11.0   20.8   26.6   41.2   54.2   54.4   54.4   54.8   59.8
          2013   10.8   18.6   25.3   28.1   43.8   54.7   57.0   57.0   58.1
          2014   11.1   18.6   23.7   32.8   38.1   38.9   63.0   73.6   80.3
          2015   11.9   18.2   19.9   37.2   41.4   50.0   64.6   73.4   73.4
          2016    9.9   14.5   17.7   23.0   24.0   32.9   42.3   56.3   78.8
        ---------------------------------------------------------------------
        # Yrs.     66     67     67     67     67     67     67     67     67
        Années
          Mean    9.9   14.7   18.4   24.4   30.2   35.6   43.9   50.1   57.4
       Moyenne
     Std. Dev.    2.8    4.0    5.7    8.4   10.9   11.6   13.8   15.7   16.5
    Écart-type
         Skew.   0.90   0.29   0.78   0.63   0.70   0.32   1.01   0.85   0.55
   Dissymétrie
      Kurtosis   4.42   2.62   4.14   2.72   2.82   2.66   5.09   3.70   2.77
 
          *-99.9 Indicates Missing Data/Données manquantes
 
 Warning: annual maximum amount greater than 100-yr return period amount
 Avertissement : la quantité maximale annuelle excède la quantité
                 pour une période de retour de 100 ans
          Year/Année      Duration/Durée        Data/Données          100-yr/ans
                1953               5 min                20.1                18.6
                1957               6 h                  96.8                87.3
                1957              12 h                 100.3                99.4
                1974              15 min                39.4                36.3
 
********************************************************************************
 
Table 2a : Return Period Rainfall Amounts (mm)
           Quantité de pluie (mm) par période de retour
 
********************************************************************************
 
 Duration/Durée        2        5       10       25       50      100   #Years
                  yr/ans   yr/ans   yr/ans   yr/ans   yr/ans   yr/ans   Années
          5 min      9.5     11.9     13.6     15.6     17.1     18.6       66
         10 min     14.1     17.6     19.9     22.8     25.0     27.2       67
         15 min     17.5     22.5     25.8     30.0     33.2     36.3       67
         30 min     23.0     30.4     35.3     41.6     46.2     50.7       67
          1 h       28.4     38.0     44.4     52.5     58.4     64.4       67
          2 h       33.7     43.9     50.7     59.3     65.6     71.9       67
          6 h       41.6     53.8     61.9     72.1     79.7     87.3       67
         12 h       47.5     61.4     70.6     82.2     90.8     99.4       67
         24 h       54.7     69.3     79.0     91.2    100.3    109.3       67
 
********************************************************************************
 
Table 2b :
 
 Return Period Rainfall Rates (mm/h) - 95% Confidence limits
 Intensité de la pluie (mm/h) par période de retour - Limites de confiance de 95%
 
********************************************************************************
 
 Duration/Durée        2        5       10       25       50      100   #Years
                  yr/ans   yr/ans   yr/ans   yr/ans   yr/ans   yr/ans   Années
          5 min    113.7    143.2    162.7    187.3    205.6    223.7       66
                +/-  7.4 +/- 12.4 +/- 16.8 +/- 22.6 +/- 27.1 +/- 31.6       66
         10 min     84.4    105.5    119.4    137.0    150.1    163.1       67
                +/-  5.2 +/-  8.8 +/- 11.9 +/- 16.1 +/- 19.2 +/- 22.4       67
         15 min     69.9     90.0    103.3    120.2    132.6    145.0       67
                +/-  5.0 +/-  8.4 +/- 11.4 +/- 15.4 +/- 18.4 +/- 21.4       67
         30 min     46.0     60.9     70.7     83.1     92.3    101.5       67
                +/-  3.7 +/-  6.2 +/-  8.4 +/- 11.3 +/- 13.6 +/- 15.8       67
          1 h       28.4     38.0     44.4     52.5     58.4     64.4       67
                +/-  2.4 +/-  4.0 +/-  5.5 +/-  7.3 +/-  8.8 +/- 10.2       67
          2 h       16.8     22.0     25.3     29.6     32.8     36.0       67
                +/-  1.3 +/-  2.1 +/-  2.9 +/-  3.9 +/-  4.7 +/-  5.4       67
          6 h        6.9      9.0     10.3     12.0     13.3     14.5       67
                +/-  0.5 +/-  0.9 +/-  1.2 +/-  1.6 +/-  1.9 +/-  2.2       67
         12 h        4.0      5.1      5.9      6.9      7.6      8.3       67
                +/-  0.3 +/-  0.5 +/-  0.7 +/-  0.9 +/-  1.1 +/-  1.2       67
         24 h        2.3      2.9      3.3      3.8      4.2      4.6       67
                +/-  0.2 +/-  0.3 +/-  0.3 +/-  0.5 +/-  0.6 +/-  0.6       67
 
********************************************************************************
 
Table 3 : Interpolation Equation / Équation d'interpolation: R = A*T^B
 
R = Interpolated Rainfall rate (mm/h)/Intensité interpolée de la pluie (mm/h)
RR = Rainfall rate (mm/h) / Intensité de la pluie (mm/h)
 T = Rainfall duration (h) / Durée de la pluie (h)
 
********************************************************************************
 
       Statistics/Statistiques      2      5     10     25     50    100
                               yr/ans yr/ans yr/ans yr/ans yr/ans yr/ans
      Mean of RR/Moyenne de RR   41.4   52.9   60.6   70.3   77.4   84.6
    Std. Dev. /Écart-type (RR)   40.0   50.3   57.1   65.8   72.2   78.6
        Std. Error/Erreur-type   11.7   16.4   19.5   23.4   26.3   29.2
               Coefficient (A)   24.6   31.7   36.4   42.4   46.8   51.2
         Exponent/Exposant (B) -0.709 -0.707 -0.706 -0.706 -0.705 -0.705
 Mean % Error/% erreur moyenne   10.3   12.0   12.7   13.4   13.8   14.2
