                     Environment and Climate Change Canada
                 Environnement et Changement climatique Canada
                                        
           Short Duration Rainfall Intensity-Duration-Frequency Data
          Données sur l'intensité, la durée et la fréquence des chutes
                            de pluie de courte durée
                                        
                 Gumbel - Method of moments/Méthode des moments
                                        
                                   2022/10/31
                                        
================================================================================
 
 EAR FALLS (AUT)                                        ON        6012199       
                     
 Latitude:  50 38'N    Longitude: 93 13'W    Elevation/Altitude: 362        m
 
 Years/Années :  1952 - 2021          # Years/Années :     61   
 
================================================================================
 
********************************************************************************
 
Table 1 : Annual Maximum (mm)/Maximum annuel (mm)
 
********************************************************************************
 
          Year  5 min 10 min 15 min 30 min    1 h    2 h    6 h   12 h   24 h
         Année
          1952    6.1    8.9   10.2   20.1   30.2   34.0   51.1   53.3   53.3
          1953    9.1   10.2   10.7   11.4   11.9   19.0   29.5   34.8   38.1
          1954    5.1    8.9   10.7   14.7   23.6   24.4   29.0   32.3   34.3
          1955   12.4   18.0   21.3   29.0   34.0   34.5   34.5   47.8   52.6
          1956    8.6   10.7   14.5   18.3   20.8   20.8   20.8   20.8   33.0
          1957    6.3    7.4    9.1   10.9   18.8   22.6   22.9   29.0   34.5
          1958    9.4   11.2   11.2   13.5   15.7   21.6   33.3   34.8   38.9
          1959    8.9   10.9   12.2   17.5   27.9   35.3   48.8   49.5   51.8
          1960    6.3    7.4    7.6    8.9   13.5   25.4   31.5   38.4   39.4
          1961    3.0    4.1    4.8    5.6    7.9   11.2   15.2   24.1   29.2
          1962    5.6    8.1    8.6   12.4   16.0   24.1   49.5   63.8   75.9
          1963    6.3   12.4   16.0   20.6   23.1   23.1   31.2   39.9   41.9
          1964    6.1    8.6    9.1   11.4   16.8   19.8   29.0   29.0   42.9
          1965    4.1    6.9    8.4   11.4   18.0   22.6   31.2   42.9   47.0
          1966    5.8   10.4   11.7   13.2   15.0   21.6   28.4   28.7   32.3
          1967    7.1   11.4   14.5   22.9   31.5   32.5   45.7   49.3   74.7
          1968    5.1    8.9    9.7   10.4   10.7   10.7   20.8   26.7   35.8
          1969    5.6    7.9   10.4   15.0   19.8   20.3   26.7   30.2   39.1
          1970   11.7   13.2   13.7   16.3   18.5   22.6   28.7   38.9   38.9
          1973    8.9   10.7   12.4   13.7   14.7   23.1   35.8   38.6   38.6
          1974   14.7   21.1   25.4   28.2   38.6   40.6   41.1   46.2   47.2
          1975   14.0   14.5   15.2   17.8   17.8   17.8   22.4   29.0   35.1
          1976   16.0   18.5   20.3   22.1   23.6   26.4   33.5   33.5   34.3
          1977    5.3    8.1   11.4   14.0   15.2   23.9   24.1   29.2   57.1
          1978   12.0   16.0   19.6   26.9   32.0   32.0   32.0   35.8   35.8
          1979   12.6   14.5   16.4   19.0   25.5   31.1   40.1   43.5   80.1
          1980    9.6   10.2   10.6   10.8   14.1   18.6   23.9   30.2   38.1
          1981    4.3    8.5    8.8    9.9   10.0   13.5   26.5   36.4   47.0
          1982    7.0    9.9   14.2   17.5   19.6   23.6   24.9   31.2   35.4
          1983    9.4   16.1   23.7   25.3   25.3   25.3   35.0   58.7   60.5
          1984    6.4   11.6   12.5   18.8   19.0   19.0   25.7   40.8   41.0
          1985    6.4   10.1   13.9   16.0   16.2   16.3   25.9   30.6   46.0
          1986    6.9    7.4    8.1   12.4   16.7   22.7   31.0   31.8   40.6
          1987   10.0   13.8   14.5   14.8   14.8   20.7   24.4   24.4   25.7
          1988    8.4   12.1   15.8   23.2   26.2   28.5   28.8   38.7   63.0
          1989   11.2   20.7   23.3   23.7   25.2   28.0   57.4   64.7   65.0
          1991    6.9   13.8   18.2   26.2   32.0   38.9   60.6   62.9   63.0
          1992   10.1   14.4   15.6   18.2   18.5   18.6   36.5   45.1   60.9
          1993    5.5    7.4    9.0   13.6   19.7   22.2   34.5   38.1   40.9
          1994    8.9   11.7   15.5   17.4   19.5   21.8   23.0   25.7   28.9
          1995   10.9   11.9   12.5   15.1   17.3   22.0   24.0   25.0   38.0
          1997    3.6    4.8    5.2    5.8    9.0   12.6   16.6   26.8   38.0
          1999    7.0    9.8   12.8   17.4   21.0   22.6   37.4   51.2   51.6
          2000   14.4   14.4   14.4   15.8   17.4   22.0   34.6   38.2   45.2
          2001    3.4    4.4    4.6    5.2    8.4   13.6   27.0   29.6   29.6
          2002    5.6    9.0   12.0   15.2   16.8   20.0   38.2   41.8   43.6
          2003    6.6   11.2   14.8   24.4   40.8   55.0   61.8   62.2   87.0
          2004  -99.9  -99.9  -99.9  -99.9  -99.9   31.5   36.7   53.5   62.9
          2005    5.8   10.2   13.8   19.0   27.6   29.0   44.0   45.0   45.2
          2006    8.2   12.0   14.0   15.0   15.8   16.4   17.6   19.6   22.2
          2007   11.0   13.8   17.2   25.8   33.6   35.2   46.4   53.4   79.2
          2008   22.0   22.4   22.4   22.6   23.0   24.2   25.6   33.6   45.2
          2009    8.2    9.8   11.4   16.0   16.6   16.6   28.2   28.2   28.4
          2010    8.4   15.2   16.6   18.6   25.4   42.4   59.4   59.6   59.8
          2011   13.2   18.2   19.8   27.6   36.4   37.4   49.0   53.8   53.8
          2012    7.4   12.0   13.8   14.8   17.8   28.8   58.2   62.8   74.0
          2013  -99.9  -99.9  -99.9  -99.9   36.0   39.6   43.2   43.9   71.7
          2014  -99.9  -99.9  -99.9  -99.9   18.0   23.2   32.0   37.5   40.0
          2016    8.0   15.6   16.8   16.8   16.8   16.8   22.8   30.0   48.8
          2017    6.4   11.8   13.6   16.2   21.0   32.0   38.6   39.0   39.0
          2018    6.2    9.0   10.2   16.6   18.8   19.4   23.0   23.2   26.2
          2019    7.4   10.6   13.0   14.2   15.8   26.8   37.0   41.8   50.6
          2020    7.6   13.2   16.8   26.4   35.4   53.4   60.2   62.2   63.8
          2021   10.8   15.0   16.4   17.0   19.6   19.6   24.0   25.6   25.8
        ---------------------------------------------------------------------
        # Yrs.     61     61     61     61     63     64     64     64     64
        Années
          Mean    8.3   11.7   13.6   17.0   21.1   25.3   34.1   39.3   46.7
       Moyenne
     Std. Dev.    3.4    3.9    4.5    5.7    7.7    9.0   11.7   12.2   15.1
    Écart-type
         Skew.   1.36   0.64   0.44   0.23   0.74   1.19   0.86   0.58   0.79
   Dissymétrie
      Kurtosis   6.05   3.60   3.34   2.82   3.07   5.00   3.14   2.50   3.07
 
          *-99.9 Indicates Missing Data/Données manquantes
 
 Warning: annual maximum amount greater than 100-yr return period amount
 Avertissement : la quantité maximale annuelle excède la quantité
                 pour une période de retour de 100 ans
          Year/Année      Duration/Durée        Data/Données          100-yr/ans
                2003               2 h                  55.0                53.4
                2008               5 min                22.0                19.2
                2020               2 h                  53.4                53.4
 
********************************************************************************
 
Table 2a : Return Period Rainfall Amounts (mm)
           Quantité de pluie (mm) par période de retour
 
********************************************************************************
 
 Duration/Durée        2        5       10       25       50      100   #Years
                  yr/ans   yr/ans   yr/ans   yr/ans   yr/ans   yr/ans   Années
          5 min      7.8     10.8     12.8     15.4     17.3     19.2       61
         10 min     11.0     14.5     16.8     19.6     21.8     23.9       61
         15 min     12.9     16.9     19.5     22.9     25.4     27.8       61
         30 min     16.1     21.1     24.4     28.6     31.8     34.8       61
          1 h       19.8     26.6     31.1     36.9     41.1     45.3       63
          2 h       23.8     31.7     37.0     43.6     48.5     53.4       64
          6 h       32.1     42.5     49.3     58.0     64.4     70.8       64
         12 h       37.3     48.1     55.2     64.2     70.8     77.5       64
         24 h       44.2     57.6     66.4     77.6     85.9     94.2       64
 
********************************************************************************
 
Table 2b :
 
 Return Period Rainfall Rates (mm/h) - 95% Confidence limits
 Intensité de la pluie (mm/h) par période de retour - Limites de confiance de 95%
 
********************************************************************************
 
 Duration/Durée        2        5       10       25       50      100   #Years
                  yr/ans   yr/ans   yr/ans   yr/ans   yr/ans   yr/ans   Années
          5 min     93.4    129.9    154.1    184.7    207.4    229.9       61
                +/-  9.5 +/- 16.0 +/- 21.7 +/- 29.2 +/- 35.0 +/- 40.7       61
         10 min     66.1     86.8    100.5    117.9    130.7    143.5       61
                +/-  5.4 +/-  9.1 +/- 12.3 +/- 16.6 +/- 19.8 +/- 23.1       61
         15 min     51.5     67.5     78.1     91.5    101.5    111.3       61
                +/-  4.2 +/-  7.0 +/-  9.5 +/- 12.8 +/- 15.3 +/- 17.8       61
         30 min     32.2     42.2     48.9     57.3     63.5     69.7       61
                +/-  2.6 +/-  4.4 +/-  6.0 +/-  8.0 +/-  9.6 +/- 11.2       61
          1 h       19.8     26.6     31.1     36.9     41.1     45.3       63
                +/-  1.8 +/-  3.0 +/-  4.0 +/-  5.4 +/-  6.4 +/-  7.5       63
          2 h       11.9     15.9     18.5     21.8     24.3     26.7       64
                +/-  1.0 +/-  1.7 +/-  2.3 +/-  3.1 +/-  3.7 +/-  4.3       64
          6 h        5.4      7.1      8.2      9.7     10.7     11.8       64
                +/-  0.4 +/-  0.7 +/-  1.0 +/-  1.3 +/-  1.6 +/-  1.9       64
         12 h        3.1      4.0      4.6      5.3      5.9      6.5       64
                +/-  0.2 +/-  0.4 +/-  0.5 +/-  0.7 +/-  0.8 +/-  1.0       64
         24 h        1.8      2.4      2.8      3.2      3.6      3.9       64
                +/-  0.1 +/-  0.2 +/-  0.3 +/-  0.4 +/-  0.5 +/-  0.6       64
 
********************************************************************************
 
Table 3 : Interpolation Equation / Équation d'interpolation: R = A*T^B
 
R = Interpolated Rainfall rate (mm/h)/Intensité interpolée de la pluie (mm/h)
RR = Rainfall rate (mm/h) / Intensité de la pluie (mm/h)
 T = Rainfall duration (h) / Durée de la pluie (h)
 
********************************************************************************
 
       Statistics/Statistiques      2      5     10     25     50    100
                               yr/ans yr/ans yr/ans yr/ans yr/ans yr/ans
      Mean of RR/Moyenne de RR   31.7   42.5   49.7   58.7   65.4   72.1
    Std. Dev. /Écart-type (RR)   32.2   44.1   51.9   61.9   69.3   76.6
        Std. Error/Erreur-type    5.3    5.6    5.9    6.2    6.5    6.8
               Coefficient (A)   18.6   24.6   28.6   33.7   37.4   41.1
         Exponent/Exposant (B) -0.706 -0.712 -0.715 -0.718 -0.719 -0.720
 Mean % Error/% erreur moyenne    5.4    5.2    5.2    5.1    5.1    5.2
