                     Environment and Climate Change Canada
                 Environnement et Changement climatique Canada
                                        
           Short Duration Rainfall Intensity-Duration-Frequency Data
          Données sur l'intensité, la durée et la fréquence des chutes
                            de pluie de courte durée
                                        
                 Gumbel - Method of moments/Méthode des moments
                                        
                                   2022/10/31
                                        
================================================================================
 
 BELLEVILLE                                             ON        6150689       
 (composite)         
 Latitude:  44 9'N     Longitude: 77 23'W    Elevation/Altitude: 76         m
 
 Years/Années :  1960 - 2016          # Years/Années :     44   
 
================================================================================
 
********************************************************************************
 
Table 1 : Annual Maximum (mm)/Maximum annuel (mm)
 
********************************************************************************
 
          Year  5 min 10 min 15 min 30 min    1 h    2 h    6 h   12 h   24 h
         Année
          1960    6.3    9.1   12.4   23.4   25.4   35.1   53.8   55.1   55.9
          1961    6.1    7.9    8.9   12.2   18.0   18.8   23.9   34.0   36.3
          1963   12.4   19.0   23.1   28.4   30.7   31.0   31.0   31.7   44.4
          1964    4.3    5.6    7.4   12.2   12.4   20.6   45.2   45.7   45.7
          1966    6.3    8.9   10.4   11.9   13.2   16.0   32.8   37.8   38.1
          1967    7.4    9.9   10.4   10.4   11.9   13.2   26.4   42.4   58.7
          1968    7.9   11.9   13.7   18.5   21.8   27.2   43.9   57.1   57.1
          1969    5.8    9.7   13.0   17.5   24.4   31.0   37.8   43.2   62.2
          1971    7.4   11.4   13.0   23.9   25.1   25.4   25.7   25.7   32.5
          1972    9.4   10.7   11.7   12.4   14.7   20.6   28.2   33.5   50.5
          1973    7.4   10.7   11.9   18.0   21.3   21.8   37.3   45.5   48.0
          1974   10.9   15.2   17.8   25.4   25.4   25.4   34.3   42.7   42.7
          1977    4.8    8.1    9.9   14.7   25.1   30.2   60.5   66.0   66.0
          1980   13.2   16.9   19.0   20.5   20.5   34.6   46.9   47.6   59.6
          1981  -99.9  -99.9   13.3   25.5   29.4   34.6   46.2   49.2   57.4
          1982    4.6    8.5   10.1   14.2   18.3   24.7   39.8   45.0   45.0
          1983    6.5    8.9   10.5   18.4   22.2   30.7   39.6   39.6   50.3
          1984    5.1    8.1   10.1   11.3   19.7   23.7   33.4   51.4   55.1
          1985   10.5   16.2   20.0   27.0   27.4   42.3   42.3   44.5   44.5
          1986    9.1   14.4   16.4   23.2   25.2   35.0   59.2   68.8   78.9
          1987    4.3    6.6    9.3   14.2   24.7   37.1   39.2   39.2   39.2
          1988    3.7    6.2    7.4    8.6    9.2   10.6   20.8   22.2   28.2
          1989   14.5   16.7   17.9   18.4   24.2   24.2   27.7   27.7   37.7
          1990    6.9    8.3   10.0   12.3   13.6   20.8   29.7   34.8   38.7
          1991    8.5   13.8   18.5   18.8   32.0   32.4   32.4   32.4   32.7
          1992    6.3    7.6    8.4   13.2   18.8   21.9   38.2   48.3   50.1
          1993    8.2   15.8   23.6   28.3   28.3   28.3  -99.9  -99.9   69.6
          1994    8.8   10.2   14.5   18.3   23.6   25.5   38.2   49.2   52.8
          1995    8.0   12.9   14.9   19.3   27.5   31.5   48.5   58.5   67.3
          1996    6.9   10.4   13.4   19.2   25.1   41.3   41.5   53.8   53.8
          1997   10.3   16.8   20.9   25.5   42.8   50.0   56.0   56.0   56.0
          1998    9.5   12.1   15.1   22.1   25.0   32.6   38.6   38.6   50.2
          1999    9.6   13.1   17.9   23.2   29.4   36.9   42.8   72.7   72.7
          2000   10.4   13.4   14.7   16.8   29.0   39.8   52.0   52.4   53.0
          2001    7.4   10.1   11.0   11.8   16.7   17.4   21.2   31.6   39.8
          2002    7.1    9.4   14.0   21.0   22.4   26.0   39.4   44.2   49.8
          2003    7.6   13.5   20.1   26.2   27.0   27.0   31.1  -99.9   56.2
          2004   14.4   22.1   28.8   33.3   33.3   49.0   89.9  114.4  124.5
          2006    9.0   14.7   18.8   19.5   19.5   19.5   37.3   42.7   59.8
          2009    6.3   10.7   14.1   20.2   21.7   30.6   36.9   52.3   68.0
          2011   12.7   20.3   25.8   31.1   39.7   44.3   49.1   49.1   51.2
          2012    6.2   11.3   16.1   26.0   30.0   30.8   44.4   64.6   65.4
          2013    7.4   11.6   15.7   19.3   21.5   23.2   29.0   32.8   33.9
          2014    7.7   12.0   14.7   16.6   18.1   26.7   34.0   42.4   63.2
          2015    5.3    8.5   11.4   17.0   29.0   48.2   56.4   60.6   73.7
          2016    7.0    9.8   14.7   22.9   24.4   24.6   32.2   41.6   41.6
        ---------------------------------------------------------------------
        # Yrs.     45     45     46     46     46     46     45     44     46
        Années
          Mean    8.0   11.8   14.7   19.4   23.7   29.2   39.9   47.0   53.4
       Moyenne
     Std. Dev.    2.6    3.8    4.9    5.9    6.8    9.2   12.5   15.5   16.1
    Écart-type
         Skew.   0.80   0.78   0.86   0.26   0.30   0.43   1.54   1.96   1.88
   Dissymétrie
      Kurtosis   3.48   3.43   3.72   2.61   3.95   3.11   7.71  10.31  10.23
 
          *-99.9 Indicates Missing Data/Données manquantes
 
 Warning: annual maximum amount greater than 100-yr return period amount
 Avertissement : la quantité maximale annuelle excède la quantité
                 pour une période de retour de 100 ans
          Year/Année      Duration/Durée        Data/Données          100-yr/ans
                2004               6 h                  89.9                78.9
                2004              12 h                 114.4                95.6
                2004              24 h                 124.5               104.0
 
********************************************************************************
 
Table 2a : Return Period Rainfall Amounts (mm)
           Quantité de pluie (mm) par période de retour
 
********************************************************************************
 
 Duration/Durée        2        5       10       25       50      100   #Years
                  yr/ans   yr/ans   yr/ans   yr/ans   yr/ans   yr/ans   Années
          5 min      7.6      9.9     11.4     13.3     14.8     16.2       45
         10 min     11.1     14.5     16.7     19.5     21.5     23.6       45
         15 min     13.9     18.2     21.0     24.6     27.3     29.9       46
         30 min     18.4     23.6     27.1     31.4     34.7     37.9       46
          1 h       22.6     28.5     32.5     37.5     41.3     45.0       46
          2 h       27.7     35.8     41.1     47.9     52.9     57.9       46
          6 h       37.8     48.8     56.1     65.3     72.2     78.9       45
         12 h       44.5     58.1     67.2     78.6     87.1     95.6       44
         24 h       50.8     65.0     74.5     86.4     95.2    104.0       46
 
********************************************************************************
 
Table 2b :
 
 Return Period Rainfall Rates (mm/h) - 95% Confidence limits
 Intensité de la pluie (mm/h) par période de retour - Limites de confiance de 95%
 
********************************************************************************
 
 Duration/Durée        2        5       10       25       50      100   #Years
                  yr/ans   yr/ans   yr/ans   yr/ans   yr/ans   yr/ans   Années
          5 min     90.7    118.5    136.9    160.1    177.4    194.5       45
                +/-  8.4 +/- 14.2 +/- 19.2 +/- 25.9 +/- 31.0 +/- 36.1       45
         10 min     66.8     86.8    100.0    116.7    129.1    141.4       45
                +/-  6.1 +/- 10.2 +/- 13.8 +/- 18.6 +/- 22.2 +/- 25.9       45
         15 min     55.5     72.7     84.0     98.4    109.1    119.6       46
                +/-  5.2 +/-  8.7 +/- 11.7 +/- 15.8 +/- 18.9 +/- 22.0       46
         30 min     36.9     47.3     54.2     62.9     69.3     75.8       46
                +/-  3.1 +/-  5.3 +/-  7.1 +/-  9.6 +/- 11.5 +/- 13.4       46
          1 h       22.6     28.5     32.5     37.5     41.3     45.0       46
                +/-  1.8 +/-  3.0 +/-  4.1 +/-  5.5 +/-  6.6 +/-  7.7       46
          2 h       13.8     17.9     20.6     24.0     26.5     29.0       46
                +/-  1.2 +/-  2.0 +/-  2.8 +/-  3.7 +/-  4.5 +/-  5.2       46
          6 h        6.3      8.1      9.4     10.9     12.0     13.2       45
                +/-  0.6 +/-  0.9 +/-  1.3 +/-  1.7 +/-  2.0 +/-  2.4       45
         12 h        3.7      4.8      5.6      6.6      7.3      8.0       44
                +/-  0.3 +/-  0.6 +/-  0.8 +/-  1.1 +/-  1.3 +/-  1.5       44
         24 h        2.1      2.7      3.1      3.6      4.0      4.3       46
                +/-  0.2 +/-  0.3 +/-  0.4 +/-  0.5 +/-  0.7 +/-  0.8       46
 
********************************************************************************
 
Table 3 : Interpolation Equation / Équation d'interpolation: R = A*T^B
 
R = Interpolated Rainfall rate (mm/h)/Intensité interpolée de la pluie (mm/h)
RR = Rainfall rate (mm/h) / Intensité de la pluie (mm/h)
 T = Rainfall duration (h) / Durée de la pluie (h)
 
********************************************************************************
 
       Statistics/Statistiques      2      5     10     25     50    100
                               yr/ans yr/ans yr/ans yr/ans yr/ans yr/ans
      Mean of RR/Moyenne de RR   33.1   43.0   49.6   57.9   64.0   70.1
    Std. Dev. /Écart-type (RR)   31.6   41.3   47.7   55.8   61.9   67.8
        Std. Error/Erreur-type    7.6    9.6   10.9   12.6   13.9   15.1
               Coefficient (A)   20.5   26.5   30.5   35.5   39.3   43.0
         Exponent/Exposant (B) -0.676 -0.677 -0.678 -0.679 -0.679 -0.679
 Mean % Error/% erreur moyenne    8.5    8.1    8.0    7.8    7.7    7.7
