                     Environment and Climate Change Canada
                 Environnement et Changement climatique Canada
                                        
           Short Duration Rainfall Intensity-Duration-Frequency Data
          Données sur l'intensité, la durée et la fréquence des chutes
                            de pluie de courte durée
                                        
                 Gumbel - Method of moments/Méthode des moments
                                        
                                   2022/10/31
                                        
================================================================================
 
 TIMMINS CLIMATE                                        ON        6078282       
 (composite)         
 Latitude:  48 34'N    Longitude: 81 23'W    Elevation/Altitude: 294        m
 
 Years/Années :  1952 - 2021          # Years/Années :     61   
 
================================================================================
 
********************************************************************************
 
Table 1 : Annual Maximum (mm)/Maximum annuel (mm)
 
********************************************************************************
 
          Year  5 min 10 min 15 min 30 min    1 h    2 h    6 h   12 h   24 h
         Année
          1952    9.7   12.2   13.0   13.2   13.2   13.2   19.6   21.8   33.5
          1953    3.8    6.6    7.6   10.7   14.5   23.1   37.8   73.9   99.6
          1954   11.2   15.2   20.1   37.1   44.2   45.2   45.2   45.2   46.7
          1955    9.1   10.4   11.2   13.0   15.2   18.5   24.4   24.4   28.7
          1956    8.6   15.5   17.0   17.5   20.3   24.4   32.5   40.9   42.4
          1957    4.6    5.3    5.8    6.6    9.9   15.0   31.2   52.8   74.9
          1958    5.8    6.9   10.2   13.7   18.0   19.6   24.6   26.2   33.0
          1959    4.8    8.1    9.7   11.9   13.7   25.4   27.9   30.5   36.6
          1960    4.3    7.6    9.1    9.1   12.7   17.3   18.8   26.4   34.8
          1961    9.7   14.7   17.3   24.9   33.0   39.1   67.8   77.2  133.3
          1962    8.9    9.9    9.9   10.2   11.9   23.1   30.5   31.0   41.9
          1963    8.6   15.0   17.3   26.7   32.3   32.8   35.3   42.7   67.3
          1964    4.3    6.9    7.6   10.2   14.0   18.3   23.6   32.8   48.3
          1965    7.1    7.6    8.1    9.9   15.5   22.9   39.6   55.6   70.4
          1966    5.1    8.4   11.7   17.0   19.8   21.8   23.9   40.1   50.8
          1967    5.3    6.9    7.4   14.2   15.5   17.5   21.1   24.9   36.8
          1970    4.3    5.8    8.1   14.5   17.3   17.8   34.3   34.3   34.3
          1971    6.1   10.4   13.2   16.5   18.0   20.3   30.7   43.4   52.3
          1973    4.8    6.9    9.9   13.7   16.3   16.3   17.5   22.4   38.9
          1974    6.1    9.7   14.5   19.8   29.0   36.8   50.8   54.4   55.4
          1975    7.9   12.7   13.7   17.0   19.3   21.1   26.4   28.4   33.0
          1976    9.7   13.0   14.0   20.6   21.1   21.1   23.4   23.6   23.9
          1977    5.1    8.1    8.6   12.7   15.2   15.2   19.6   24.9   28.2
          1978    6.6    9.0    9.8   17.7   22.4   29.7   32.4   36.1   61.0
          1979    8.8    9.5   10.4   11.5   11.8   19.1   45.1   48.0   48.0
          1980    6.2    7.0    8.7    8.9   11.6   18.9   28.6   33.9   39.6
          1981  -99.9  -99.9  -99.9   14.0   24.3   27.7   28.1   28.1   28.1
          1982    7.3   11.5   13.8   16.9   27.6   39.2   56.4   59.2   60.0
          1983    9.2   12.0   13.9   13.9   14.0   15.8   25.2   26.7   35.7
          1984    9.6   16.2   17.0   17.0   17.2   17.2   31.0   46.2   81.2
          1985    7.4   11.9   13.5   16.9   22.4   28.1   28.6   28.6   36.1
          1986    7.9   13.9   16.4   18.3   18.5   20.8   42.9   70.9   83.2
          1987   15.9   26.7   32.9   47.1   49.7   53.4   54.0   71.1   74.3
          1988    8.3   14.6   18.3   18.3   19.8   22.7   24.8   32.5   44.0
          1989  -99.9  -99.9  -99.9  -99.9  -99.9  -99.9  -99.9  -99.9   65.9
          1990    7.1    9.7   12.5   14.7   15.2   21.5   25.2   26.0   33.1
          1991    6.4    9.2   13.7   21.0   22.7   23.1   23.8   23.8   26.5
          1992    4.8    6.4    8.4   12.8   14.0   18.0   21.2   26.2   34.2
          1993    2.2    2.9    3.8    4.8    7.2   13.2   23.2   28.8   41.2
          1994   10.6   12.2   12.6   15.0   19.7   20.2   21.3   22.5   22.5
          1995    5.6    6.3    8.2    8.4   10.0   11.5   22.2   24.6   28.1
          1996    9.9   14.7   16.1   22.4   24.1   24.1   28.0   28.0   28.0
          1997    8.2   11.8   12.3   13.1   17.5   19.5   30.6   32.2   32.4
          1999   10.7   13.4   13.8   15.1   16.5   23.3   25.5   42.7   48.8
          2002    5.3    8.6   11.6   15.7   21.1   23.8   35.3   36.6   37.5
          2003    7.3   14.3   19.4   25.0   25.8   25.8   25.8   39.7   44.9
          2004    3.7    5.3    5.8    9.3   16.1   25.6   37.5   44.3   52.1
          2005    7.4    9.8   10.8   11.6   17.0   17.4   22.4   27.9   44.9
          2006    7.6   12.0   13.2   14.1   14.6   20.0   32.8   41.0   41.6
          2007    5.8   10.6   15.6   23.0   25.9   26.7   27.6   28.1   37.1
          2008    5.4    9.0   10.8   12.6   19.2   25.4   25.4   25.4   25.6
          2009    6.8    8.6    9.7   12.1   14.7   18.4   28.1   33.9   41.3
          2010    6.0    7.8   11.4   13.6   13.6   13.6   22.2   40.6   50.2
          2011    7.0    9.8   11.6   13.6   13.8   13.8   21.8   27.8   32.0
          2012    6.2    7.8    9.2   12.8   13.0   19.6   25.0   25.8   36.8
          2013    8.8   11.6   13.0   19.8   24.4   26.4   30.2   38.4   62.2
          2014    9.7   15.3   17.6   23.0   24.0   25.9   43.0   66.9   73.9
          2016   11.6   20.2   26.8   33.6   46.8   48.4   90.2   93.6  100.8
          2017    6.0    7.8    8.2    8.6   11.6   15.2   21.2   29.2   37.6
          2018    5.4   10.2   13.8   21.8   28.2   36.2   60.6   79.6   92.6
          2019    6.6    7.4    8.0   10.8   12.2   13.0   25.0   27.4   41.8
          2020    8.8   12.8   14.4   21.8   26.6   32.0   39.0   62.2   86.6
          2021    6.2   11.2   14.8   17.6   19.4   23.2   26.0   28.4   29.2
        ---------------------------------------------------------------------
        # Yrs.     61     61     61     62     62     62     62     62     63
        Années
          Mean    7.2   10.5   12.6   16.3   19.6   23.3   31.7   38.9   48.7
       Moyenne
     Std. Dev.    2.4    3.9    4.8    7.1    8.4    8.6   13.0   16.7   22.1
    Écart-type
         Skew.   0.81   1.31   1.59   1.92   1.78   1.54   2.26   1.43   1.57
   Dissymétrie
      Kurtosis   4.83   6.75   7.89   8.66   6.92   5.72   9.58   4.52   5.76
 
          *-99.9 Indicates Missing Data/Données manquantes
 
 Warning: annual maximum amount greater than 100-yr return period amount
 Avertissement : la quantité maximale annuelle excède la quantité
                 pour une période de retour de 100 ans
          Year/Année      Duration/Durée        Data/Données          100-yr/ans
                1961              24 h                 133.3               118.0
                1987               5 min                15.9                14.6
                1987              10 min                26.7                22.9
                1987              15 min                32.9                27.7
                1987              30 min                47.1                38.7
                1987               1 h                  49.7                45.8
                1987               2 h                  53.4                50.2
                2016               1 h                  46.8                45.8
                2016               6 h                  90.2                72.4
                2016              12 h                  93.6                91.2
 
********************************************************************************
 
Table 2a : Return Period Rainfall Amounts (mm)
           Quantité de pluie (mm) par période de retour
 
********************************************************************************
 
 Duration/Durée        2        5       10       25       50      100   #Years
                  yr/ans   yr/ans   yr/ans   yr/ans   yr/ans   yr/ans   Années
          5 min      6.8      8.9     10.3     12.0     13.3     14.6       61
         10 min      9.9     13.4     15.7     18.6     20.7     22.9       61
         15 min     11.8     16.0     18.9     22.4     25.1     27.7       61
         30 min     15.1     21.4     25.6     30.9     34.8     38.7       62
          1 h       18.2     25.6     30.5     36.7     41.3     45.8       62
          2 h       21.9     29.5     34.5     40.8     45.6     50.2       62
          6 h       29.5     41.0     48.6     58.2     65.3     72.4       62
         12 h       36.1     50.9     60.6     73.0     82.1     91.2       62
         24 h       45.0     64.6     77.5     93.8    106.0    118.0       63
 
********************************************************************************
 
Table 2b :
 
 Return Period Rainfall Rates (mm/h) - 95% Confidence limits
 Intensité de la pluie (mm/h) par période de retour - Limites de confiance de 95%
 
********************************************************************************
 
 Duration/Durée        2        5       10       25       50      100   #Years
                  yr/ans   yr/ans   yr/ans   yr/ans   yr/ans   yr/ans   Années
          5 min     81.7    106.8    123.4    144.4    160.0    175.4       61
                +/-  6.5 +/- 11.0 +/- 14.9 +/- 20.0 +/- 24.0 +/- 27.9       61
         10 min     59.4     80.2     94.0    111.5    124.4    137.2       61
                +/-  5.4 +/-  9.2 +/- 12.4 +/- 16.7 +/- 19.9 +/- 23.2       61
         15 min     47.1     64.2     75.5     89.8    100.3    110.9       61
                +/-  4.4 +/-  7.5 +/- 10.1 +/- 13.6 +/- 16.3 +/- 19.0       61
         30 min     30.2     42.8     51.2     61.7     69.6     77.3       62
                +/-  3.3 +/-  5.5 +/-  7.4 +/- 10.0 +/- 12.0 +/- 13.9       62
          1 h       18.2     25.6     30.5     36.7     41.3     45.8       62
                +/-  1.9 +/-  3.2 +/-  4.3 +/-  5.9 +/-  7.0 +/-  8.2       62
          2 h       10.9     14.7     17.2     20.4     22.8     25.1       62
                +/-  1.0 +/-  1.7 +/-  2.2 +/-  3.0 +/-  3.6 +/-  4.2       62
          6 h        4.9      6.8      8.1      9.7     10.9     12.1       62
                +/-  0.5 +/-  0.8 +/-  1.1 +/-  1.5 +/-  1.8 +/-  2.1       62
         12 h        3.0      4.2      5.1      6.1      6.8      7.6       62
                +/-  0.3 +/-  0.5 +/-  0.7 +/-  1.0 +/-  1.2 +/-  1.4       62
         24 h        1.9      2.7      3.2      3.9      4.4      4.9       63
                +/-  0.2 +/-  0.4 +/-  0.5 +/-  0.6 +/-  0.8 +/-  0.9       63
 
********************************************************************************
 
Table 3 : Interpolation Equation / Équation d'interpolation: R = A*T^B
 
R = Interpolated Rainfall rate (mm/h)/Intensité interpolée de la pluie (mm/h)
RR = Rainfall rate (mm/h) / Intensité de la pluie (mm/h)
 T = Rainfall duration (h) / Durée de la pluie (h)
 
********************************************************************************
 
       Statistics/Statistiques      2      5     10     25     50    100
                               yr/ans yr/ans yr/ans yr/ans yr/ans yr/ans
      Mean of RR/Moyenne de RR   28.6   38.7   45.4   53.8   60.0   66.3
    Std. Dev. /Écart-type (RR)   28.4   37.5   43.6   51.2   56.9   62.6
        Std. Error/Erreur-type    5.1    8.0    9.9   12.3   14.2   15.9
               Coefficient (A)   17.2   23.7   27.9   33.3   37.3   41.3
         Exponent/Exposant (B) -0.687 -0.676 -0.672 -0.668 -0.665 -0.664
 Mean % Error/% erreur moyenne    5.3    6.1    6.7    7.2    7.5    7.8
