                     Environment and Climate Change Canada
                 Environnement et Changement climatique Canada
                                        
           Short Duration Rainfall Intensity-Duration-Frequency Data
          Données sur l'intensité, la durée et la fréquence des chutes
                            de pluie de courte durée
                                        
                 Gumbel - Method of moments/Méthode des moments
                                        
                                   2022/10/31
                                        
================================================================================
 
 KAPUSKASING CDA ON                                     ON        6073980       
                     
 Latitude:  49 25'N    Longitude: 82 26'W    Elevation/Altitude: 218        m
 
 Years/Années :  1966 - 2021          # Years/Années :     51   
 
================================================================================
 
********************************************************************************
 
Table 1 : Annual Maximum (mm)/Maximum annuel (mm)
 
********************************************************************************
 
          Year  5 min 10 min 15 min 30 min    1 h    2 h    6 h   12 h   24 h
         Année
          1966    7.1   12.2   12.7   13.7   23.6   32.8   32.8   35.1   44.7
          1968    7.6    9.7   10.4   13.5   17.3   27.7   41.9   62.0   80.0
          1969   10.7   19.6   21.8   29.2   41.4   41.9   65.8   72.9   77.5
          1970    7.4   10.7   11.7   15.7   15.7   16.8   22.4   26.4   27.4
          1971    7.1   11.7   14.0   18.5   19.3   27.4   36.1   41.7   41.7
          1972    4.1    6.9    7.4    9.1   18.3   23.1   27.7   31.7   35.3
          1973    9.1   11.4   12.4   14.7   17.5   21.6   42.7   43.4   43.4
          1974    8.1    8.6    8.9    8.9   10.7   19.0   27.4   34.3   35.6
          1975    5.3    8.6   11.4   17.5   19.8   23.6   26.4   27.9   31.7
          1976    3.6    5.3    6.3    7.6    8.4   11.9   24.9   26.9   27.9
          1977    5.1    6.1    9.4   11.9   14.7   25.4   28.4   37.1   43.2
          1978    3.9    6.9    9.6   11.8   17.3   23.6   28.9   35.3   43.4
          1979    9.8   13.9   15.6   18.6   21.9   26.5   33.4   52.3   56.0
          1980    3.1    5.4    7.5   10.8   14.2   14.2   32.0   34.8   35.0
          1981    5.8    7.6    9.7   18.4   27.2   29.7   36.6   44.0   44.2
          1982    7.3   11.6   13.9   15.4   15.8   17.5   23.6   36.7   59.8
          1983    6.3    8.4   12.6   12.6   12.6   17.2   24.7   26.4   27.6
          1984    7.5    8.9   11.3   14.3   19.4   22.2   26.1   37.0   46.4
          1985    5.2    6.2    7.5    7.5   10.2   14.6   31.3   40.5   40.5
          1986    4.2    8.4    9.2   11.8   11.8   12.7   16.9   22.2   24.7
          1987    8.0   11.3   12.2   14.0   19.7   23.2   27.4   29.0   39.6
          1988    3.9    7.4    9.8   12.2   16.9   22.0   33.7   48.0   55.7
          1989    7.7    9.6   11.1   15.2   16.3   16.9   19.7   23.8   27.0
          1990    6.1    8.3    8.6   14.9   14.9   17.7   31.4   39.9   41.4
          1991    3.4    6.8    6.8    8.7   14.5   18.1   29.7   35.1   41.0
          1994    9.0   14.1   16.0   25.8   28.5   28.7   32.8   33.8   42.4
          1995    9.6   15.1   20.1   27.4   30.1   31.4   31.6   32.2   40.4
          1996   10.3   14.5   15.1   15.3   17.8   19.0   26.2   27.8   35.3
          1997    4.6    6.4    9.7   11.6   13.3   18.0   38.4   53.2   81.0
          1999    8.2   10.0   11.3   12.8   12.8   14.1   21.1   27.2   35.9
          2001    6.9    8.3    8.5   12.6   17.5   25.4   38.4   41.7   49.7
          2002    7.0    8.2   10.4   16.6   18.4   18.8   27.2   43.4   47.8
          2003    4.4    7.0    7.6    8.8   11.0   11.0   21.6   26.2   31.8
          2004    5.8    7.6    8.4    9.2   14.2   14.6   24.4   25.6   38.6
          2005   10.8   16.2   17.0   17.2   17.4   17.4   26.4   37.0   50.0
          2006    5.0    9.6   12.6   15.6   16.8   16.8   21.0   24.4   32.6
          2007    8.0   15.0   20.0   26.4   28.8   40.4   59.0   69.2  102.0
          2008   11.4   17.0   19.6   23.6   24.4   27.2   28.0   39.6   44.0
          2009    5.4    7.2    8.6   10.4   19.2   31.0   49.4   49.6   61.8
          2010    5.2    6.8    8.0   10.6   12.0   17.0   31.6   34.4   40.4
          2011    7.6   12.2   14.0   25.2   27.8   28.0   28.0   28.0   30.0
          2012    4.6    6.0    7.2   13.2   19.0   24.8   28.6   36.4   45.4
          2013    7.8   10.0   14.8   24.2   26.6   30.0   31.4   36.8   42.6
          2014    4.4    6.2    7.4   11.4   17.8   20.2   26.6   34.4   45.0
          2015    8.0   10.0   11.8   12.4   12.8   20.6   22.4   38.0   44.4
          2016   11.6   17.0   18.6   23.8   26.8   33.8   42.4   61.8   69.2
          2017    4.0    5.6    7.2   11.0   13.6   14.6   30.8   42.2   53.2
          2018    4.8    7.6    9.4   10.2   16.6   24.8   35.4   36.2   44.2
          2019    7.6   11.6   14.2   18.8   22.4   23.0   25.6   39.0   44.0
          2020    6.0    9.4   12.6   17.2   17.4   17.4   21.2   28.6   39.8
          2021    4.4    7.2    8.8   12.4   14.8   18.6   30.0   31.4   34.8
        ---------------------------------------------------------------------
        # Yrs.     51     51     51     51     51     51     51     51     51
        Années
          Mean    6.7    9.8   11.6   15.1   18.4   22.2   30.8   37.7   45.0
       Moyenne
     Std. Dev.    2.2    3.4    3.9    5.5    6.2    6.9    9.1   11.2   15.1
    Écart-type
         Skew.   0.43   0.97   0.92   0.98   1.32   0.78   1.82   1.35   1.73
   Dissymétrie
      Kurtosis   2.52   3.43   3.33   3.35   5.73   3.61   7.64   5.06   6.79
 
          *-99.9 Indicates Missing Data/Données manquantes
 
 Warning: annual maximum amount greater than 100-yr return period amount
 Avertissement : la quantité maximale annuelle excède la quantité
                 pour une période de retour de 100 ans
          Year/Année      Duration/Durée        Data/Données          100-yr/ans
                1969               1 h                  41.4                37.8
                1969               6 h                  65.8                59.5
                1969              12 h                  72.9                72.9
                2007              24 h                 102.0                92.5
 
********************************************************************************
 
Table 2a : Return Period Rainfall Amounts (mm)
           Quantité de pluie (mm) par période de retour
 
********************************************************************************
 
 Duration/Durée        2        5       10       25       50      100   #Years
                  yr/ans   yr/ans   yr/ans   yr/ans   yr/ans   yr/ans   Années
          5 min      6.3      8.3      9.6     11.2     12.5     13.7       51
         10 min      9.2     12.2     14.2     16.8     18.7     20.6       51
         15 min     10.9     14.4     16.6     19.5     21.6     23.7       51
         30 min     14.2     19.0     22.3     26.3     29.3     32.3       51
          1 h       17.4     22.8     26.4     31.0     34.4     37.8       51
          2 h       21.1     27.2     31.3     36.4     40.2     44.0       51
          6 h       29.3     37.4     42.7     49.5     54.5     59.5       51
         12 h       35.9     45.8     52.3     60.6     66.8     72.9       51
         24 h       42.6     55.9     64.8     75.9     84.2     92.5       51
 
********************************************************************************
 
Table 2b :
 
 Return Period Rainfall Rates (mm/h) - 95% Confidence limits
 Intensité de la pluie (mm/h) par période de retour - Limites de confiance de 95%
 
********************************************************************************
 
 Duration/Durée        2        5       10       25       50      100   #Years
                  yr/ans   yr/ans   yr/ans   yr/ans   yr/ans   yr/ans   Années
          5 min     75.5     99.3    115.0    134.9    149.6    164.2       51
                +/-  6.8 +/- 11.4 +/- 15.4 +/- 20.8 +/- 24.8 +/- 28.9       51
         10 min     55.1     73.4     85.5    100.8    112.1    123.4       51
                +/-  5.2 +/-  8.8 +/- 11.9 +/- 16.0 +/- 19.1 +/- 22.3       51
         15 min     43.8     57.5     66.5     78.0     86.5     94.9       51
                +/-  3.9 +/-  6.6 +/-  8.9 +/- 12.0 +/- 14.3 +/- 16.7       51
         30 min     28.4     38.1     44.5     52.6     58.7     64.6       51
                +/-  2.8 +/-  4.7 +/-  6.3 +/-  8.5 +/- 10.1 +/- 11.8       51
          1 h       17.4     22.8     26.4     31.0     34.4     37.8       51
                +/-  1.6 +/-  2.6 +/-  3.5 +/-  4.8 +/-  5.7 +/-  6.7       51
          2 h       10.5     13.6     15.6     18.2     20.1     22.0       51
                +/-  0.9 +/-  1.5 +/-  2.0 +/-  2.7 +/-  3.2 +/-  3.7       51
          6 h        4.9      6.2      7.1      8.3      9.1      9.9       51
                +/-  0.4 +/-  0.6 +/-  0.9 +/-  1.2 +/-  1.4 +/-  1.6       51
         12 h        3.0      3.8      4.4      5.1      5.6      6.1       51
                +/-  0.2 +/-  0.4 +/-  0.5 +/-  0.7 +/-  0.9 +/-  1.0       51
         24 h        1.8      2.3      2.7      3.2      3.5      3.9       51
                +/-  0.2 +/-  0.3 +/-  0.4 +/-  0.5 +/-  0.6 +/-  0.7       51
 
********************************************************************************
 
Table 3 : Interpolation Equation / Équation d'interpolation: R = A*T^B
 
R = Interpolated Rainfall rate (mm/h)/Intensité interpolée de la pluie (mm/h)
RR = Rainfall rate (mm/h) / Intensité de la pluie (mm/h)
 T = Rainfall duration (h) / Durée de la pluie (h)
 
********************************************************************************
 
       Statistics/Statistiques      2      5     10     25     50    100
                               yr/ans yr/ans yr/ans yr/ans yr/ans yr/ans
      Mean of RR/Moyenne de RR   26.7   35.2   40.9   48.0   53.3   58.5
    Std. Dev. /Écart-type (RR)   26.2   34.6   40.2   47.3   52.5   57.7
        Std. Error/Erreur-type    4.8    6.7    8.0    9.6   10.8   12.0
               Coefficient (A)   16.3   21.4   24.7   28.9   32.1   35.2
         Exponent/Exposant (B) -0.676 -0.682 -0.684 -0.686 -0.688 -0.689
 Mean % Error/% erreur moyenne    5.3    5.6    5.8    5.9    6.0    6.1
