                     Environment and Climate Change Canada
                 Environnement et Changement climatique Canada
                                        
           Short Duration Rainfall Intensity-Duration-Frequency Data
          Données sur l'intensité, la durée et la fréquence des chutes
                            de pluie de courte durée
                                        
                 Gumbel - Method of moments/Méthode des moments
                                        
                                   2022/10/31
                                        
================================================================================
 
 TRENTON A                                              ON        6158875       
                     
 Latitude:  44 7'N     Longitude: 77 32'W    Elevation/Altitude: 86         m
 
 Years/Années :  1965 - 2017          # Years/Années :     46   
 
================================================================================
 
********************************************************************************
 
Table 1 : Annual Maximum (mm)/Maximum annuel (mm)
 
********************************************************************************
 
          Year  5 min 10 min 15 min 30 min    1 h    2 h    6 h   12 h   24 h
         Année
          1965    7.4   10.9   14.7   17.3   18.3   19.0   26.9   29.5   43.9
          1966    8.1   10.9   11.7   16.5   20.1   22.4   35.8   44.7   45.7
          1967    9.1   10.9   11.7   14.2   15.5   16.3   29.7   47.2   69.6
          1968    4.1    6.1    7.4    9.7   13.5   16.5   33.0   40.1   40.9
          1969    5.8    9.7   13.5   18.8   21.6   24.6   34.0   39.1   54.9
          1970    6.1    7.9   10.2   13.7   15.0   20.6   28.2   40.4   48.0
          1971    7.1   10.9   11.2   12.2   12.7   17.5   22.1   29.0   35.1
          1972   11.2   13.2   13.7   15.5   16.0   20.8   27.7   31.5   47.2
          1973    6.6   10.4   10.4   15.0   15.5   22.4   43.2   52.1   53.6
          1975    6.9    7.6   10.7   13.7   15.5   25.4   32.3   33.5   34.3
          1976    6.9   11.2   11.7   12.7   14.0   14.5   27.9   29.2   30.2
          1977    6.9   11.2   11.7   21.8   37.1   45.5   67.3   72.1   72.1
          1978    7.1    9.9   11.2   15.0   15.9   19.9   31.7   34.1   36.6
          1979    6.5    9.3   11.5   11.5   11.5   17.0   37.7   54.8   55.8
          1980    9.3   14.0   16.3   22.9   31.1   37.6   46.6   46.6   60.0
          1981   11.4   20.2   25.0   25.0   25.0   25.0   32.9   46.8   48.2
          1982   14.2   18.4   22.2   22.4   23.2   30.7   39.0   39.0   39.0
          1983    5.9   10.3   14.0   15.0   21.8   34.0   36.4   42.0   63.3
          1984    4.4    7.2    7.8   10.1   11.8   13.0   27.7   41.7   42.2
          1985   12.2   15.2   18.3   24.3   24.4   37.1   37.1   39.3   39.7
          1986   24.3   24.8   26.0   27.1   27.1   32.8   63.2   65.0   65.6
          1987   12.2   13.6   14.7   17.3   18.3   20.3   30.4   39.1   42.4
          1988    4.7    8.1    8.8    9.9   15.1   15.2   20.2   28.0   28.0
          1989    7.3   10.5   10.5   16.8   25.3   25.3   29.8   29.8   34.7
          1990    6.6    7.5    9.0   11.0   12.7   16.7   32.9   46.1   50.0
          1991   10.6   11.6   12.6   12.8   14.0   15.8   25.7   26.2   32.8
          1992    4.7    8.1    9.6   12.1   14.9   20.2   30.1   38.0   42.8
          1993    4.2    6.8    9.3   11.7   21.1   23.6   25.5   41.7   56.0
          1994    5.6    8.8   10.5   14.6   17.8   19.6   31.3   32.5   34.8
          1995   10.6   14.6   18.0   22.2   28.3   41.4   50.4   56.8   64.9
          1996    3.4    6.2    7.3    9.5   14.2   19.8   30.0   33.8   42.8
          1997    5.0    9.1   11.7   19.8   34.8   43.1   48.7   48.7   53.9
          2000   11.4   17.6   22.3   33.5   59.6   68.2   69.8   69.8   71.6
          2001    4.7    5.2    7.0    9.2   17.4   19.5   22.3   32.9   40.4
          2002  -99.9  -99.9  -99.9  -99.9  -99.9  -99.9  -99.9   78.8   78.8
          2003    6.1   11.8   14.0   21.3   26.8   34.0   42.1   45.1   50.2
          2004    7.1   10.0   14.9   18.9   31.7   48.9   88.9  109.6  123.7
          2005    5.0    7.0    7.2    7.9   13.6   19.1   40.8   50.3   54.1
          2006    5.0    8.1    9.6   15.6   20.4   25.0   42.9   55.1   69.9
          2007   10.3   11.4   14.2   21.2   26.3   30.5   44.3   60.9   62.1
          2008    6.1   12.1   14.0   21.2   23.1   32.5   32.7   40.4   47.6
          2009    4.6    8.6    9.0   11.8   12.6   18.7  -99.9   58.0   75.8
          2010    5.0    5.3    6.9    8.4    9.6   11.8   24.7   48.3   59.1
          2012    5.5    8.0   10.5   21.1   35.7   44.5   60.5   79.9   80.6
          2013    5.4    9.5   13.8   20.5   20.8   25.0   30.7   33.5   42.8
          2014    7.8   10.7   11.3   13.7   23.9   33.6   43.3   47.1   79.4
          2016    7.1   10.9   16.1   23.7   24.8   27.2   34.9   46.2   46.2
          2017    5.5   10.3   12.6   13.8   20.3   27.8   33.8   52.0   66.3
        ---------------------------------------------------------------------
        # Yrs.     47     47     47     47     47     47     46     48     48
        Années
          Mean    7.5   10.7   12.7   16.5   21.1   26.4   37.5   46.4   53.3
       Moyenne
     Std. Dev.    3.6    3.8    4.5    5.6    8.9   11.2   13.8   16.0   17.5
    Écart-type
         Skew.   2.55   1.57   1.32   0.70   1.99   1.50   1.80   1.71   1.49
   Dissymétrie
      Kurtosis  12.61   6.57   4.92   3.48   9.40   6.09   6.82   7.30   7.19
 
          *-99.9 Indicates Missing Data/Données manquantes
 
 Warning: annual maximum amount greater than 100-yr return period amount
 Avertissement : la quantité maximale annuelle excède la quantité
                 pour une période de retour de 100 ans
          Year/Année      Duration/Durée        Data/Données          100-yr/ans
                1986               5 min                24.3                18.7
                1986              10 min                24.8                22.7
                2000               1 h                  59.6                49.0
                2000               2 h                  68.2                61.4
                2004               6 h                  88.9                80.8
                2004              12 h                 109.6                96.5
                2004              24 h                 123.7               108.1
 
********************************************************************************
 
Table 2a : Return Period Rainfall Amounts (mm)
           Quantité de pluie (mm) par période de retour
 
********************************************************************************
 
 Duration/Durée        2        5       10       25       50      100   #Years
                  yr/ans   yr/ans   yr/ans   yr/ans   yr/ans   yr/ans   Années
          5 min      6.9     10.1     12.2     14.8     16.8     18.7       47
         10 min     10.0     13.4     15.7     18.5     20.6     22.7       47
         15 min     12.0     15.9     18.5     21.8     24.2     26.7       47
         30 min     15.5     20.5     23.8     27.9     31.0     34.0       47
          1 h       19.6     27.5     32.7     39.3     44.2     49.0       47
          2 h       24.5     34.4     41.0     49.2     55.4     61.4       47
          6 h       35.3     47.5     55.5     65.7     73.3     80.8       46
         12 h       43.8     57.9     67.2     79.1     87.8     96.5       48
         24 h       50.4     65.9     76.1     89.0     98.6    108.1       48
 
********************************************************************************
 
Table 2b :
 
 Return Period Rainfall Rates (mm/h) - 95% Confidence limits
 Intensité de la pluie (mm/h) par période de retour - Limites de confiance de 95%
 
********************************************************************************
 
 Duration/Durée        2        5       10       25       50      100   #Years
                  yr/ans   yr/ans   yr/ans   yr/ans   yr/ans   yr/ans   Années
          5 min     83.1    120.9    146.0    177.7    201.2    224.5       47
                +/- 11.2 +/- 18.9 +/- 25.6 +/- 34.5 +/- 41.3 +/- 48.1       47
         10 min     60.3     80.6     94.0    111.0    123.7    136.2       47
                +/-  6.0 +/- 10.2 +/- 13.7 +/- 18.5 +/- 22.1 +/- 25.8       47
         15 min     47.8     63.6     74.0     87.1     96.9    106.6       47
                +/-  4.7 +/-  7.9 +/- 10.6 +/- 14.3 +/- 17.1 +/- 20.0       47
         30 min     31.1     41.0     47.5     55.8     61.9     68.0       47
                +/-  2.9 +/-  4.9 +/-  6.7 +/-  9.0 +/- 10.8 +/- 12.5       47
          1 h       19.6     27.5     32.7     39.3     44.2     49.0       47
                +/-  2.3 +/-  3.9 +/-  5.3 +/-  7.2 +/-  8.6 +/- 10.0       47
          2 h       12.3     17.2     20.5     24.6     27.7     30.7       47
                +/-  1.5 +/-  2.5 +/-  3.3 +/-  4.5 +/-  5.4 +/-  6.3       47
          6 h        5.9      7.9      9.3     11.0     12.2     13.5       46
                +/-  0.6 +/-  1.0 +/-  1.4 +/-  1.9 +/-  2.2 +/-  2.6       46
         12 h        3.6      4.8      5.6      6.6      7.3      8.0       48
                +/-  0.3 +/-  0.6 +/-  0.8 +/-  1.1 +/-  1.3 +/-  1.5       48
         24 h        2.1      2.7      3.2      3.7      4.1      4.5       48
                +/-  0.2 +/-  0.3 +/-  0.4 +/-  0.6 +/-  0.7 +/-  0.8       48
 
********************************************************************************
 
Table 3 : Interpolation Equation / Équation d'interpolation: R = A*T^B
 
R = Interpolated Rainfall rate (mm/h)/Intensité interpolée de la pluie (mm/h)
RR = Rainfall rate (mm/h) / Intensité de la pluie (mm/h)
 T = Rainfall duration (h) / Durée de la pluie (h)
 
********************************************************************************
 
       Statistics/Statistiques      2      5     10     25     50    100
                               yr/ans yr/ans yr/ans yr/ans yr/ans yr/ans
      Mean of RR/Moyenne de RR   29.5   40.7   48.1   57.4   64.4   71.2
    Std. Dev. /Écart-type (RR)   28.6   40.4   48.3   58.4   65.8   73.2
        Std. Error/Erreur-type    4.5    4.2    4.2    4.5    4.9    5.3
               Coefficient (A)   18.6   25.2   29.6   35.2   39.3   43.4
         Exponent/Exposant (B) -0.656 -0.664 -0.668 -0.671 -0.673 -0.674
 Mean % Error/% erreur moyenne    5.1    5.0    5.2    5.6    6.0    6.2
