                     Environment and Climate Change Canada
                 Environnement et Changement climatique Canada
                                        
           Short Duration Rainfall Intensity-Duration-Frequency Data
          Données sur l'intensité, la durée et la fréquence des chutes
                            de pluie de courte durée
                                        
                 Gumbel - Method of moments/Méthode des moments
                                        
                                   2022/10/31
                                        
================================================================================
 
 BRANTFORD AIRPORT                                      ON        6140942       
 (composite)         
 Latitude:  43 8'N     Longitude: 80 20'W    Elevation/Altitude: 245        m
 
 Years/Années :  1961 - 2021          # Years/Années :     42   
 
================================================================================
 
********************************************************************************
 
Table 1 : Annual Maximum (mm)/Maximum annuel (mm)
 
********************************************************************************
 
          Year  5 min 10 min 15 min 30 min    1 h    2 h    6 h   12 h   24 h
         Année
          1961    7.1   11.2   14.5   18.8   19.6   27.9   43.2   43.2   43.2
          1962   10.7   15.2   16.3   22.4   24.4   25.9   35.6   49.5   49.5
          1963    8.6   13.2   14.7   15.7   17.0   23.1   25.4   32.5   33.0
          1964    5.3    7.6   10.2   15.2   25.4   30.2   45.2   48.5   55.9
          1965    8.9   11.7   13.2   14.2   15.5   20.6   25.1   29.7   40.6
          1966    7.1   11.2   12.2   17.3   20.6   32.5   42.2   51.8   60.2
          1967   13.7   15.7   15.7   21.1   23.6   30.2   36.1   36.1   37.3
          1968   11.2   14.7   16.3   17.8   31.2   32.5   52.8   64.5   74.9
          1969   10.4   13.2   16.8   18.3   18.3   18.3   29.7   38.1   45.7
          1970    7.6   11.7   15.7   27.4   41.1   42.9   43.7   43.7   69.8
          1971    6.6    8.6   12.2   15.7   20.8   23.6   35.1   35.6   36.8
          1972    8.1   12.7   15.0   19.3   29.5   41.4   69.8   71.6   80.5
          1973    8.6   15.5   17.8   18.5   19.0   20.1   26.9   40.4   45.7
          1974    7.9   15.5   20.8   27.7   28.4   32.0   35.6   47.2   50.8
          1975    6.9   11.2   14.0   19.3   20.8   20.8   25.7   39.4   40.9
          1976    7.1   10.9   13.5   14.5   22.6   26.2   26.7   35.1   60.5
          1977    8.9   14.5   19.6   33.5   42.9   42.9   42.9   42.9   43.2
          1978    6.0    8.1   10.2   15.9   18.8   24.3   28.6   30.7   38.3
          1979    5.9    6.3    8.1   12.2   23.7   39.5   44.6   44.8   48.2
          1981   11.6   11.8   12.2   13.6   26.3   35.9   38.8   53.5   59.0
          1982    7.6    9.3   10.7   13.7   21.7   33.6   70.9   73.9   73.9
          1983    6.5    9.5   12.4   23.9   30.1   35.9   52.5   58.3   62.0
          1984   12.2   14.8   16.0   19.0   19.2   25.9   33.9   42.2   71.0
          1985    9.0   14.5   19.7   25.3   26.7   28.2   42.0   49.2   60.2
          1986   12.5   16.7   18.7   22.3   22.3   27.2   33.0   36.6   66.2
          1987    8.2   13.9   15.1   18.0   18.2   19.2   33.6   34.4   35.0
          1988  -99.9  -99.9  -99.9  -99.9   35.2   42.2   46.5   48.0   61.6
          1989    5.1    5.8    7.1    9.1   16.8   31.7   47.8   47.8   49.0
          1990   10.2   12.2   14.7   18.7   26.0   38.2   46.6   46.6   46.6
          1991   12.6   21.8   27.3   38.6   41.6   41.6   46.4   72.9   85.0
          1992    8.1   10.5   14.1   16.4   20.9   24.3   26.7   34.6   40.4
          1993    4.4    6.0    8.3   14.1   15.0   23.5   30.0   33.1   40.2
          1994    1.2    2.0    2.0    3.1    5.3    7.5   13.0   18.4   25.8
          1995    4.2    5.2    7.2   14.4   17.5   26.9   33.5   33.5   39.0
          1999    9.1   13.6   20.3   28.5   28.5   42.8   74.4   74.4   76.3
          2000    8.8   12.3   13.6   20.0   22.1   31.0   34.2   48.0   51.1
          2001    8.7   14.6   19.4   27.9   28.1   28.1   28.1   28.3   38.2
          2015    8.0   15.2   20.2   32.4   39.2   39.8   40.0   47.8   47.8
          2016    9.0   14.0   14.6   14.8   19.8   26.6   28.8   29.2   37.0
          2017    7.4   11.6   14.6   21.8   29.6   44.4   46.4   46.4   46.8
          2019    8.0    9.0   10.6   14.2   19.2   28.4   30.6   38.8   39.0
          2020    5.4    7.0    7.4   10.2   13.2   15.0   17.6   29.4   48.2
          2021    7.8    9.8   11.8   15.8   19.2   26.8   31.8   37.8   58.4
        ---------------------------------------------------------------------
        # Yrs.     42     42     42     42     43     43     43     43     43
        Années
          Mean    8.1   11.7   14.2   19.1   23.8   29.8   38.2   43.9   51.5
       Moyenne
     Std. Dev.    2.5    3.8    4.6    6.8    7.8    8.5   12.9   12.9   14.2
    Écart-type
         Skew.  -0.07  -0.19   0.05   0.70   0.68  -0.10   0.98   0.86   0.62
   Dissymétrie
      Kurtosis   3.91   3.79   4.19   4.23   3.93   2.98   4.64   3.78   2.77
 
          *-99.9 Indicates Missing Data/Données manquantes
 
 
********************************************************************************
 
Table 2a : Return Period Rainfall Amounts (mm)
           Quantité de pluie (mm) par période de retour
 
********************************************************************************
 
 Duration/Durée        2        5       10       25       50      100   #Years
                  yr/ans   yr/ans   yr/ans   yr/ans   yr/ans   yr/ans   Années
          5 min      7.7      9.9     11.4     13.2     14.6     15.9       42
         10 min     11.0     14.4     16.6     19.3     21.4     23.4       42
         15 min     13.4     17.5     20.2     23.6     26.2     28.7       42
         30 min     17.9     24.0     28.0     33.0     36.8     40.5       42
          1 h       22.5     29.5     34.1     39.9     44.2     48.4       43
          2 h       28.4     35.9     40.8     47.1     51.8     56.4       43
          6 h       36.1     47.4     55.0     64.5     71.6     78.6       43
         12 h       41.8     53.2     60.8     70.3     77.4     84.5       43
         24 h       49.1     61.7     70.0     80.5     88.3     96.0       43
 
********************************************************************************
 
Table 2b :
 
 Return Period Rainfall Rates (mm/h) - 95% Confidence limits
 Intensité de la pluie (mm/h) par période de retour - Limites de confiance de 95%
 
********************************************************************************
 
 Duration/Durée        2        5       10       25       50      100   #Years
                  yr/ans   yr/ans   yr/ans   yr/ans   yr/ans   yr/ans   Années
          5 min     92.9    119.2    136.5    158.5    174.8    191.0       42
                +/-  8.3 +/- 13.9 +/- 18.8 +/- 25.3 +/- 30.3 +/- 35.3       42
         10 min     66.3     86.2     99.3    116.0    128.3    140.6       42
                +/-  6.3 +/- 10.5 +/- 14.2 +/- 19.2 +/- 22.9 +/- 26.7       42
         15 min     53.6     70.0     80.8     94.5    104.7    114.8       42
                +/-  5.1 +/-  8.7 +/- 11.7 +/- 15.8 +/- 18.9 +/- 22.0       42
         30 min     35.9     48.0     56.0     66.1     73.6     81.0       42
                +/-  3.8 +/-  6.4 +/-  8.6 +/- 11.6 +/- 13.9 +/- 16.2       42
          1 h       22.5     29.5     34.1     39.9     44.2     48.4       43
                +/-  2.2 +/-  3.6 +/-  4.9 +/-  6.6 +/-  7.9 +/-  9.2       43
          2 h       14.2     17.9     20.4     23.6     25.9     28.2       43
                +/-  1.2 +/-  2.0 +/-  2.6 +/-  3.6 +/-  4.3 +/-  5.0       43
          6 h        6.0      7.9      9.2     10.7     11.9     13.1       43
                +/-  0.6 +/-  1.0 +/-  1.3 +/-  1.8 +/-  2.2 +/-  2.5       43
         12 h        3.5      4.4      5.1      5.9      6.5      7.0       43
                +/-  0.3 +/-  0.5 +/-  0.7 +/-  0.9 +/-  1.1 +/-  1.3       43
         24 h        2.0      2.6      2.9      3.4      3.7      4.0       43
                +/-  0.2 +/-  0.3 +/-  0.4 +/-  0.5 +/-  0.6 +/-  0.7       43
 
********************************************************************************
 
Table 3 : Interpolation Equation / Équation d'interpolation: R = A*T^B
 
R = Interpolated Rainfall rate (mm/h)/Intensité interpolée de la pluie (mm/h)
RR = Rainfall rate (mm/h) / Intensité de la pluie (mm/h)
 T = Rainfall duration (h) / Durée de la pluie (h)
 
********************************************************************************
 
       Statistics/Statistiques      2      5     10     25     50    100
                               yr/ans yr/ans yr/ans yr/ans yr/ans yr/ans
      Mean of RR/Moyenne de RR   33.0   42.8   49.4   57.6   63.7   69.8
    Std. Dev. /Écart-type (RR)   31.9   41.2   47.4   55.1   60.9   66.6
        Std. Error/Erreur-type    6.9   10.1   12.2   14.9   16.8   18.8
               Coefficient (A)   20.2   26.1   30.0   35.0   38.7   42.3
         Exponent/Exposant (B) -0.684 -0.689 -0.691 -0.693 -0.694 -0.695
 Mean % Error/% erreur moyenne    8.5    9.5   10.0   10.4   10.7   10.9
