                     Environment and Climate Change Canada
                 Environnement et Changement climatique Canada
                                        
           Short Duration Rainfall Intensity-Duration-Frequency Data
          Données sur l'intensité, la durée et la fréquence des chutes
                            de pluie de courte durée
                                        
                 Gumbel - Method of moments/Méthode des moments
                                        
                                   2022/10/31
                                        
================================================================================
 
 MOOSONEE RCS                                           ON        6075435       
                     
 Latitude:  51 17'N    Longitude: 80 37'W    Elevation/Altitude: 9          m
 
 Years/Années :  1968 - 2021          # Years/Années :     46   
 
================================================================================
 
********************************************************************************
 
Table 1 : Annual Maximum (mm)/Maximum annuel (mm)
 
********************************************************************************
 
          Year  5 min 10 min 15 min 30 min    1 h    2 h    6 h   12 h   24 h
         Année
          1968    8.9    9.4   10.4   15.0   17.3   20.8   38.9   44.2   49.8
          1969    4.6    7.6   11.4   14.5   19.6   19.6   23.9   26.7   33.8
          1970    9.1   10.9   10.9   11.2   11.2   14.2   24.1   31.7   37.8
          1971    8.1    9.9   10.4   11.9   15.5   26.4   29.2   47.0   51.1
          1972    5.6    6.6    7.4   10.9   14.0   20.1   24.6   29.0   29.5
          1973    5.8    7.4    8.9   11.4   14.2   20.1   34.3   34.8   35.1
          1974    7.1    7.1    7.6   11.7   15.7   21.3   51.6   55.4   58.9
          1975   13.0   15.7   17.3   19.8   19.8   19.8   26.2   48.5   65.8
          1976    5.6    5.8    5.8    6.9    9.4   14.7   22.1   30.0   36.3
          1977    4.8    7.4    8.1   10.7   12.7   21.3   32.3   32.5   36.3
          1978   14.7   17.2   17.6   17.6   17.7   17.9   25.6   34.5   50.4
          1979    7.3    9.0   10.7   12.4   13.3   13.3   19.5   26.7   30.4
          1980    7.5    8.3   12.5   17.7   20.8   25.4   25.4   29.0   29.0
          1981    6.4    6.8    7.2   10.8   12.2   14.5   18.0   25.8   31.6
          1982   10.5   10.8   11.2   13.4   17.5   21.7   23.2   25.5   31.4
          1983    7.9    8.8    9.5   12.1   12.5   13.3   26.5  -99.9  -99.9
          1984    4.5    6.0    7.4    9.8   12.1   16.0   20.5   30.6   40.3
          1985   10.2   11.4   15.5   17.7   27.5   33.3   58.4   74.4   79.2
          1986    7.7    9.5   11.5   23.0   25.4   49.5  113.9  122.2  132.7
          1987   12.0   13.6   15.1   23.9   25.2   26.1   29.7   30.4   33.9
          1988   11.7   13.2   16.2   24.7   25.5   25.9   28.1   29.0   41.3
          1989    8.5   10.2   12.5   16.0   17.7   17.7   30.8   30.8   33.2
          1990    8.6   10.8   16.2   16.7   17.7   23.4   50.9   72.0   80.6
          1991    5.5    7.6   10.3   11.9   17.8   27.1   34.2   36.6   46.8
          1992    2.8    4.3    6.4   12.8   21.4   30.0   36.0   36.2   40.8
          1993    5.0    6.8   10.2   14.1   14.1   14.1   24.2   29.6   30.4
          2001    8.0   13.0   13.6   13.8   13.8   16.2   25.8   30.7   36.6
          2002    7.4   12.4   14.8   16.0   19.8   33.6   37.3   37.9   38.1
          2003    6.6    7.2    7.8    8.2    8.2   11.1   19.3   28.7   33.7
          2004    4.6    6.2    8.4   10.6   14.2   15.4   21.0   26.4   35.4
          2005   13.2   18.0   20.4   22.2   24.6   25.4   30.8   40.6   47.0
          2006   12.4   15.0   18.2   20.4   20.4   21.4   21.8   21.8   22.6
          2007    8.4   10.8   12.2   14.0   18.0   19.6   40.2   48.8   51.4
          2008    5.4    9.2   10.4   12.6   16.8   20.8   24.2   35.6   44.2
          2009    8.6   11.4   15.4   17.6   20.4   23.2   32.8   32.8   34.0
          2010    7.8   12.6   19.0   21.0   22.6   32.2   34.6   34.8   35.0
          2011   10.6   12.4   12.8   13.2   13.2   13.8   17.8   21.6   27.4
          2012    7.0    9.4   10.0   12.4   12.8   14.0   19.8   21.0   27.0
          2013    4.6    5.4    6.6   10.6   16.4   20.4   35.2   58.1   71.3
          2014   11.8   20.2   22.6   23.2   27.2   29.6   40.0   40.6   49.4
          2015    8.4   12.2   13.8   14.2   14.8   14.8   15.2   18.4   20.4
          2016    9.4   16.8   21.6   26.2   27.8   31.0   40.8   42.6   50.4
          2017    4.4    7.6    7.8    7.8    7.8   11.6   20.2   29.8   38.6
          2018    6.8   10.8   14.4   18.8   19.8   19.8   27.2   39.4   39.6
          2019    5.8   10.4   11.2   14.4   18.2   18.6   24.8   29.6   32.2
          2020    7.6   11.6   13.4   15.0   15.8   17.0   19.8   35.2   37.4
          2021    3.2    4.2    5.8    7.4   10.2   12.0   18.2   26.0   36.2
        ---------------------------------------------------------------------
        # Yrs.     47     47     47     47     47     47     47     46     46
        Années
          Mean    7.8   10.2   12.1   14.9   17.2   21.0   30.6   37.2   42.9
       Moyenne
     Std. Dev.    2.8    3.6    4.3    4.8    5.1    7.4   15.6   17.4   18.9
    Écart-type
         Skew.   0.53   0.70   0.62   0.63   0.36   1.43   3.61   3.05   2.80
   Dissymétrie
      Kurtosis   2.97   3.43   2.92   2.88   2.72   6.51  20.42  15.20  13.63
 
          *-99.9 Indicates Missing Data/Données manquantes
 
 Warning: annual maximum amount greater than 100-yr return period amount
 Avertissement : la quantité maximale annuelle excède la quantité
                 pour une période de retour de 100 ans
          Year/Année      Duration/Durée        Data/Données          100-yr/ans
                1986               2 h                  49.5                44.2
                1986               6 h                 113.9                79.4
                1986              12 h                 122.2                91.9
                1986              24 h                 132.7               102.3
 
********************************************************************************
 
Table 2a : Return Period Rainfall Amounts (mm)
           Quantité de pluie (mm) par période de retour
 
********************************************************************************
 
 Duration/Durée        2        5       10       25       50      100   #Years
                  yr/ans   yr/ans   yr/ans   yr/ans   yr/ans   yr/ans   Années
          5 min      7.3      9.8     11.4     13.4     15.0     16.5       47
         10 min      9.6     12.8     14.9     17.6     19.6     21.6       47
         15 min     11.4     15.2     17.7     20.8     23.2     25.5       47
         30 min     14.1     18.3     21.1     24.7     27.3     29.9       47
          1 h       16.4     20.9     23.9     27.7     30.5     33.3       47
          2 h       19.8     26.3     30.7     36.1     40.2     44.2       47
          6 h       28.1     41.8     50.9     62.4     71.0     79.4       47
         12 h       34.4     49.8     60.0     72.8     82.4     91.9       46
         24 h       39.8     56.5     67.6     81.6     92.0    102.3       46
 
********************************************************************************
 
Table 2b :
 
 Return Period Rainfall Rates (mm/h) - 95% Confidence limits
 Intensité de la pluie (mm/h) par période de retour - Limites de confiance de 95%
 
********************************************************************************
 
 Duration/Durée        2        5       10       25       50      100   #Years
                  yr/ans   yr/ans   yr/ans   yr/ans   yr/ans   yr/ans   Années
          5 min     87.8    117.2    136.7    161.3    179.6    197.7       47
                +/-  8.7 +/- 14.7 +/- 19.9 +/- 26.8 +/- 32.0 +/- 37.3       47
         10 min     57.6     76.8     89.6    105.7    117.7    129.6       47
                +/-  5.7 +/-  9.6 +/- 13.0 +/- 17.6 +/- 21.0 +/- 24.5       47
         15 min     45.6     60.6     70.6     83.2     92.6    101.9       47
                +/-  4.5 +/-  7.5 +/- 10.2 +/- 13.7 +/- 16.4 +/- 19.1       47
         30 min     28.1     36.6     42.2     49.3     54.6     59.8       47
                +/-  2.5 +/-  4.2 +/-  5.7 +/-  7.7 +/-  9.2 +/- 10.8       47
          1 h       16.4     20.9     23.9     27.7     30.5     33.3       47
                +/-  1.3 +/-  2.3 +/-  3.1 +/-  4.1 +/-  4.9 +/-  5.7       47
          2 h        9.9     13.2     15.3     18.1     20.1     22.1       47
                +/-  1.0 +/-  1.6 +/-  2.2 +/-  3.0 +/-  3.6 +/-  4.1       47
          6 h        4.7      7.0      8.5     10.4     11.8     13.2       47
                +/-  0.7 +/-  1.1 +/-  1.5 +/-  2.1 +/-  2.5 +/-  2.9       47
         12 h        2.9      4.1      5.0      6.1      6.9      7.7       46
                +/-  0.4 +/-  0.6 +/-  0.9 +/-  1.2 +/-  1.4 +/-  1.6       46
         24 h        1.7      2.4      2.8      3.4      3.8      4.3       46
                +/-  0.2 +/-  0.4 +/-  0.5 +/-  0.6 +/-  0.8 +/-  0.9       46
 
********************************************************************************
 
Table 3 : Interpolation Equation / Équation d'interpolation: R = A*T^B
 
R = Interpolated Rainfall rate (mm/h)/Intensité interpolée de la pluie (mm/h)
RR = Rainfall rate (mm/h) / Intensité de la pluie (mm/h)
 T = Rainfall duration (h) / Durée de la pluie (h)
 
********************************************************************************
 
       Statistics/Statistiques      2      5     10     25     50    100
                               yr/ans yr/ans yr/ans yr/ans yr/ans yr/ans
      Mean of RR/Moyenne de RR   28.3   37.7   43.9   51.7   57.5   63.3
    Std. Dev. /Écart-type (RR)   29.8   39.7   46.2   54.5   60.6   66.7
        Std. Error/Erreur-type    2.7    2.4    2.4    2.7    3.1    3.5
               Coefficient (A)   16.3   22.2   26.0   30.8   34.4   38.0
         Exponent/Exposant (B) -0.706 -0.688 -0.680 -0.673 -0.670 -0.667
 Mean % Error/% erreur moyenne    3.0    4.4    5.1    5.7    6.1    6.5
