                     Environment and Climate Change Canada
                 Environnement et Changement climatique Canada
                                        
           Short Duration Rainfall Intensity-Duration-Frequency Data
          Données sur l'intensité, la durée et la fréquence des chutes
                            de pluie de courte durée
                                        
                 Gumbel - Method of moments/Méthode des moments
                                        
                                   2022/10/31
                                        
================================================================================
 
 GERALDTON A                                            ON        6042716       
 (composite)         
 Latitude:  49 47'N    Longitude: 86 56'W    Elevation/Altitude: 348        m
 
 Years/Années :  1952 - 2016          # Years/Années :     54   
 
================================================================================
 
********************************************************************************
 
Table 1 : Annual Maximum (mm)/Maximum annuel (mm)
 
********************************************************************************
 
          Year  5 min 10 min 15 min 30 min    1 h    2 h    6 h   12 h   24 h
         Année
          1952    6.1   10.7   13.7   14.7   18.8   20.6   31.7   34.5   37.6
          1953    6.6    9.1   11.9   18.3   31.7   32.5   39.1   39.9   40.6
          1954    3.8    5.6    6.1    8.4   12.4   16.0   33.0   33.0   40.6
          1955    7.9    8.4   10.2   14.0   18.8   24.4   31.2   32.3   34.3
          1956    2.8    5.3    5.6    5.6    6.6    9.7   22.4   36.8   51.1
          1957    8.6   11.2   11.2   16.3   18.3   19.8   25.9   37.3   52.6
          1958    3.6    5.8    6.6    7.4    9.1   13.7   28.7   41.1   48.5
          1959    6.9    9.1   11.9   18.5   21.6   26.2   29.5   29.5   29.7
          1960   13.2   15.2   19.3   20.1   20.1   25.9   32.5   35.3   35.8
          1961   13.7   19.3   23.1   24.6   25.1   27.7   29.5   29.7   39.1
          1962    6.6   12.7   18.3   26.4   30.2   31.2   31.5   34.5   40.4
          1963    5.8    9.1   11.2   13.0   20.1   27.2   33.3   34.5   35.3
          1964    8.6   10.4   12.2   14.5   15.7   20.3   36.3   50.8   62.0
          1965    8.6   11.7   12.7   16.3   22.9   26.4   26.4   34.8   45.0
          1966    5.1    9.7   11.4   13.2   15.0   22.4   47.2   49.8   78.0
          1967    7.6   12.4   13.7   20.3   25.1   25.1   25.1   41.7   45.2
          1968    3.8    5.8    7.1    9.4   12.7   17.0   25.1   29.7   30.0
          1969    4.8    6.9    8.4   12.7   13.2   19.3   35.3   46.7   52.3
          1970    7.6   15.0   15.5   17.5   17.8   18.8   33.0   40.9   41.7
          1971    4.8    6.1    7.4   12.7   15.0   19.0   29.5   30.7   35.6
          1975    6.9    9.4   14.0   21.1   21.1   21.3   24.1   28.7   46.0
          1976   10.2   17.5   18.8   20.3   27.2   27.9   27.9   35.3   43.2
          1977    5.3    7.6    9.4   10.9   11.2   17.5   26.7   29.2   55.9
          1978    7.8   10.9   12.9   16.5   17.1   27.3   27.3   34.9   47.9
          1979    6.3    7.7   11.6   13.9   14.0   15.8   15.8   20.0   21.4
          1980    3.5    5.9    8.9   13.2   13.3   15.6   23.8   32.0   39.2
          1981    6.1   10.4   14.1   15.1   19.8   23.9   32.8   42.4   43.6
          1982    2.8    5.6    8.4   16.6   19.3   21.0   30.6   33.3   36.6
          1983    9.6   13.2   14.1   19.8   24.4   35.0   68.8   88.2   91.8
          1984    4.8    8.6    9.4   10.8   13.5   22.2   41.5   47.8   68.2
          1985    5.4   10.0   12.6   20.8   26.2   37.9   58.4   65.4  125.3
          1986    7.6    9.4   12.1   16.7   20.7   25.2   31.4   38.8   40.4
          1987    4.0    5.5    6.9   13.4   15.8   20.2   25.0   32.0   32.0
          1988    7.4   12.8   14.6   17.4   27.8   27.8   51.4   69.8   71.2
          1989    6.3    8.1   10.8   15.7   16.2   30.4   39.0   39.2   39.2
          1990    5.4    7.2    7.4   10.5   12.3   18.7   34.4   54.6   57.8
          1991    2.7    5.4    6.0    8.7   16.0   17.6   24.4   37.9   43.8
          1992    9.5   14.4   19.4   20.7   20.9   23.8   31.6   41.0   45.8
          1993    5.4    6.5    7.5   11.7   15.3   19.5   31.3   33.8   34.2
          1994    9.9   19.8   24.0   26.2   36.8   39.5   42.8   46.0   61.2
          1995    6.6   12.0   15.0   21.2   27.2   28.8   28.8   28.8   48.0
          1996    9.5   18.9   27.2   27.8   30.6   30.7   31.4   46.5   59.4
          1997    9.4    9.6   13.5   16.6   21.9   23.8   26.4   32.0   41.3
          1999    7.9   14.5   17.3   23.7   41.0   65.3   75.8   78.6   78.8
          2000    8.8   15.1   18.7   20.4   21.5   25.6   50.5   51.4   57.1
          2001    9.2   12.3   14.8   19.6   27.7   31.7   38.4   38.8   66.0
          2002    8.3   12.8   17.8   24.4   25.6   26.5   30.7  -99.9  -99.9
          2003    5.2    7.7    8.8    9.9   12.4   16.6   32.9   41.8   56.6
          2004    5.3    7.8    8.7   17.2   23.1   25.4   32.2   40.6   44.3
          2005    8.8   12.6   14.0   15.0   16.2   16.5  -99.9  -99.9  -99.9
          2006    4.7    5.3    6.0    9.8   14.1   16.3   24.0   28.6   28.8
          2007   11.2   16.5   20.9   27.9   28.9   30.7   52.6   55.4   60.1
          2012    7.2    8.9   10.1   12.7   15.0   16.0   25.3   29.2   40.3
          2013    4.6    6.7    7.3    8.0    9.7   12.9   27.9   31.3   42.2
          2014   13.8   17.1   18.6   18.8   18.8   21.5   44.2   54.3   79.7
          2016    7.8   10.6   12.1   17.8   21.8   21.8   28.2   28.6   28.8
        ---------------------------------------------------------------------
        # Yrs.     56     56     56     56     56     56     55     54     54
        Années
          Mean    7.0   10.4   12.7   16.3   19.9   24.0   33.9   40.4   49.1
       Moyenne
     Std. Dev.    2.6    3.9    5.0    5.4    7.0    8.4   11.2   12.9   18.0
    Écart-type
         Skew.   0.63   0.66   0.77   0.24   0.70   2.23   1.87   1.77   1.84
   Dissymétrie
      Kurtosis   3.50   2.82   3.43   2.72   3.67  12.48   7.19   6.87   8.24
 
          *-99.9 Indicates Missing Data/Données manquantes
 
 Warning: annual maximum amount greater than 100-yr return period amount
 Avertissement : la quantité maximale annuelle excède la quantité
                 pour une période de retour de 100 ans
          Year/Année      Duration/Durée        Data/Données          100-yr/ans
                1983              12 h                  88.2                80.7
                1985              24 h                 125.3               105.5
                1999               2 h                  65.3                50.4
                1999               6 h                  75.8                68.9
 
********************************************************************************
 
Table 2a : Return Period Rainfall Amounts (mm)
           Quantité de pluie (mm) par période de retour
 
********************************************************************************
 
 Duration/Durée        2        5       10       25       50      100   #Years
                  yr/ans   yr/ans   yr/ans   yr/ans   yr/ans   yr/ans   Années
          5 min      6.6      8.9     10.4     12.3     13.7     15.2       56
         10 min      9.8     13.2     15.5     18.4     20.6     22.7       56
         15 min     11.9     16.3     19.2     22.8     25.5     28.2       56
         30 min     15.5     20.2     23.3     27.3     30.2     33.1       56
          1 h       18.8     24.9     29.0     34.1     38.0     41.7       56
          2 h       22.6     30.0     34.9     41.2     45.8     50.4       56
          6 h       32.1     41.9     48.5     56.7     62.8     68.9       55
         12 h       38.3     49.6     57.1     66.6     73.7     80.7       54
         24 h       46.1     62.0     72.6     85.9     95.7    105.5       54
 
********************************************************************************
 
Table 2b :
 
 Return Period Rainfall Rates (mm/h) - 95% Confidence limits
 Intensité de la pluie (mm/h) par période de retour - Limites de confiance de 95%
 
********************************************************************************
 
 Duration/Durée        2        5       10       25       50      100   #Years
                  yr/ans   yr/ans   yr/ans   yr/ans   yr/ans   yr/ans   Années
          5 min     78.8    106.4    124.7    147.8    165.0    182.0       56
                +/-  7.5 +/- 12.7 +/- 17.1 +/- 23.0 +/- 27.6 +/- 32.1       56
         10 min     58.7     79.5     93.2    110.6    123.5    136.3       56
                +/-  5.7 +/-  9.5 +/- 12.9 +/- 17.3 +/- 20.8 +/- 24.2       56
         15 min     47.5     65.0     76.6     91.3    102.1    112.9       56
                +/-  4.8 +/-  8.0 +/- 10.8 +/- 14.6 +/- 17.5 +/- 20.4       56
         30 min     30.9     40.4     46.6     54.5     60.4     66.2       56
                +/-  2.6 +/-  4.3 +/-  5.9 +/-  7.9 +/-  9.4 +/- 11.0       56
          1 h       18.8     24.9     29.0     34.1     38.0     41.7       56
                +/-  1.7 +/-  2.8 +/-  3.8 +/-  5.1 +/-  6.1 +/-  7.2       56
          2 h       11.3     15.0     17.5     20.6     22.9     25.2       56
                +/-  1.0 +/-  1.7 +/-  2.3 +/-  3.1 +/-  3.7 +/-  4.3       56
          6 h        5.3      7.0      8.1      9.5     10.5     11.5       55
                +/-  0.5 +/-  0.8 +/-  1.0 +/-  1.4 +/-  1.7 +/-  1.9       55
         12 h        3.2      4.1      4.8      5.6      6.1      6.7       54
                +/-  0.3 +/-  0.4 +/-  0.6 +/-  0.8 +/-  1.0 +/-  1.1       54
         24 h        1.9      2.6      3.0      3.6      4.0      4.4       54
                +/-  0.2 +/-  0.3 +/-  0.4 +/-  0.6 +/-  0.7 +/-  0.8       54
 
********************************************************************************
 
Table 3 : Interpolation Equation / Équation d'interpolation: R = A*T^B
 
R = Interpolated Rainfall rate (mm/h)/Intensité interpolée de la pluie (mm/h)
RR = Rainfall rate (mm/h) / Intensité de la pluie (mm/h)
 T = Rainfall duration (h) / Durée de la pluie (h)
 
********************************************************************************
 
       Statistics/Statistiques      2      5     10     25     50    100
                               yr/ans yr/ans yr/ans yr/ans yr/ans yr/ans
      Mean of RR/Moyenne de RR   28.5   38.3   44.8   53.1   59.2   65.2
    Std. Dev. /Écart-type (RR)   27.6   37.4   43.9   52.2   58.3   64.4
        Std. Error/Erreur-type    5.8    7.8    9.2   10.9   12.2   13.4
               Coefficient (A)   17.5   23.4   27.2   32.1   35.7   39.3
         Exponent/Exposant (B) -0.673 -0.678 -0.680 -0.682 -0.683 -0.684
 Mean % Error/% erreur moyenne    6.2    6.0    5.9    5.8    5.8    5.8
