                     Environment and Climate Change Canada
                 Environnement et Changement climatique Canada
                                        
           Short Duration Rainfall Intensity-Duration-Frequency Data
          Données sur l'intensité, la durée et la fréquence des chutes
                            de pluie de courte durée
                                        
                 Gumbel - Method of moments/Méthode des moments
                                        
                                   2022/10/31
                                        
================================================================================
 
 DELHI CS                                               ON        6131983       
 (composite)         
 Latitude:  42 52'N    Longitude: 80 33'W    Elevation/Altitude: 231        m
 
 Years/Années :  1962 - 2021          # Years/Années :     56   
 
================================================================================
 
********************************************************************************
 
Table 1 : Annual Maximum (mm)/Maximum annuel (mm)
 
********************************************************************************
 
          Year  5 min 10 min 15 min 30 min    1 h    2 h    6 h   12 h   24 h
         Année
          1962   11.7   13.7   16.3   17.5   17.8   22.1   35.6   40.9   47.8
          1963   10.7   13.7   16.3   23.1   33.3   38.9   45.2   64.3   64.8
          1964    6.9   10.2   15.2   19.0   25.9   33.5   68.3   73.4   73.9
          1965    6.6    8.9   10.7   17.8   29.5   37.1   37.3   38.9   53.8
          1966    7.1    9.4   11.9   18.3   21.3   25.1   31.0   42.9   55.9
          1967   12.4   16.0   19.6   20.8   21.6   27.7   59.2   62.5   65.3
          1968    4.8    8.4   11.9   15.7   20.8   36.3   74.7   91.9  110.0
          1969    4.3    6.1    7.6    8.1   14.5   14.5   34.5   52.1   65.0
          1970    7.9   11.4   14.5   20.6   22.6   28.4   51.6   51.8   55.6
          1971    8.9   12.2   16.0   18.5   20.6   22.1   31.7   31.7   34.5
          1972   13.0   14.5   15.5   19.0   21.6   34.8   40.1   46.0   46.5
          1974   13.0   14.2   14.5   15.2   16.5   19.3   27.9   28.2   35.3
          1975    6.9   11.2   12.2   14.7   19.3   32.8   39.6   42.2   42.2
          1976   11.2   13.2   14.7   16.3   17.0   19.8   30.2   32.8   51.1
          1977    9.7   15.5   18.8   24.6   24.9   28.4   40.1   40.1   59.4
          1978    7.9   11.9   13.9   17.8   22.6   27.4   50.0   51.4   53.5
          1979    6.7   10.0   12.0   17.6   23.6   30.1   34.7   37.8   39.0
          1980   12.0   16.0   22.2   27.8   30.5   31.3   31.6   37.1   38.6
          1981    7.4    9.7   12.9   16.2   18.9   21.7   41.2   57.4   57.4
          1982   11.6   14.4   16.2   18.0   23.0   25.7   36.0   69.9   70.6
          1983   10.7   16.8   19.9   25.7   35.6   49.9   69.0   78.2   81.6
          1984    9.1   16.0   18.2   22.8   27.4   29.6   40.7   45.0   51.9
          1985    9.0   11.2   11.6   16.9   18.4   22.9   24.7   40.6   43.1
          1986    6.2    9.5   10.4   12.1   17.2   21.2   38.6   39.2   50.1
          1987    6.9    8.3    9.4   11.6   17.7   21.2   37.8   38.8   42.2
          1988    8.8   17.2   19.2   35.0   38.0   38.8   39.0   61.5   68.0
          1989    5.0    8.8   11.9   13.2   14.3   24.2   28.2   29.4   29.9
          1990    6.5   10.0   12.9   15.3   17.9   33.4   42.0   42.0   47.6
          1991    7.4   12.0   16.9   20.4   28.3   35.4   65.0  117.4  138.8
          1992    9.7   15.5   17.5   24.1   24.5   28.9   38.5   54.1   58.6
          1993    4.4    7.7    9.6   11.5   14.5   19.2   30.6   30.8   46.2
          1994    9.7   13.6   17.5   19.4   31.9   43.7   75.6   77.4   81.6
          1995   12.1   16.9   22.5   36.2   37.0   44.1   68.3   83.0   85.0
          1998    5.8    7.2    9.4   11.4   14.2   18.4   22.0   39.0   39.4
          1999    9.2   16.6   23.0   32.8   38.2   47.6   72.0   72.0   73.8
          2000   10.2   15.2   21.8   38.6   43.0   50.4   53.4   73.6   75.2
          2001    7.2   11.2   14.4   15.8   19.2   22.2   29.2   31.6   38.4
          2002    7.8   12.6   17.0   24.6   29.2   31.6   33.0   40.4   40.4
          2003    8.8   14.4   17.2   25.8   33.4   35.2   35.4  -99.9   45.0
          2004    5.6    7.0    7.4    9.4   10.8   14.6   24.2   27.8   33.8
          2005   13.2   18.2   28.2   45.8   57.8   58.8   59.0   62.2   79.6
          2006    7.6   12.2   15.0   18.6   23.6   26.4   28.6   43.0   49.4
          2007    7.2   10.0   10.2   10.4   11.0   11.0   19.6   30.6   40.1
          2008   10.8   19.4   26.6   42.4   42.4   42.4   42.4   42.8   46.2
          2009   10.6   13.8   14.8   19.0   30.2   38.4   38.6   41.0   57.2
          2010   22.2   22.2   22.2   22.2   22.2   23.6   39.0   42.2   42.4
          2011    8.4   14.8   20.0   30.6   37.4   38.4   39.8   39.8   40.0
          2012    5.8    9.2   11.6   17.6   26.6   27.4   29.6   39.6   45.8
          2013    8.8   15.6   18.4   22.2   25.6   29.0   42.8   46.6   53.0
          2014    6.6   11.4   16.4   23.0   34.8   54.2   64.2   64.8   65.0
          2015   19.4   20.6   21.4   22.6   24.2   25.6   31.6   40.4   46.8
          2016    5.4    7.6    9.0   11.2   13.2   15.2   19.2   32.2   34.4
          2017    5.6   10.2   11.2   12.4   14.8   17.4   23.4   28.6   37.0
          2018   10.4   15.4   18.2   24.8   33.8   53.0   59.2   59.6   59.8
          2019    9.4   14.0   20.8   28.6   28.8   44.6   49.0   49.4   55.4
          2020    4.8    8.6   10.8   13.6   20.4   23.2   23.6   24.4   39.6
          2021    8.4   11.2   15.4   21.8   24.6   30.8   47.0   54.2   67.4
        ---------------------------------------------------------------------
        # Yrs.     57     57     57     57     57     57     57     56     57
        Années
          Mean    8.9   12.7   15.6   20.6   25.1   30.7   41.5   49.2   55.3
       Moyenne
     Std. Dev.    3.3    3.6    4.7    8.0    9.1   10.9   14.8   18.3   19.4
    Écart-type
         Skew.   1.68   0.36   0.45   1.15   1.01   0.61   0.80   1.37   1.92
   Dissymétrie
      Kurtosis   7.77   2.86   3.03   4.55   4.74   3.01   2.94   5.47   8.65
 
          *-99.9 Indicates Missing Data/Données manquantes
 
 Warning: annual maximum amount greater than 100-yr return period amount
 Avertissement : la quantité maximale annuelle excède la quantité
                 pour une période de retour de 100 ans
          Year/Année      Duration/Durée        Data/Données          100-yr/ans
                1991              12 h                 117.4               106.6
                1991              24 h                 138.8               116.0
                2005               1 h                  57.8                53.7
                2010               5 min                22.2                19.3
                2015               5 min                19.4                19.3
 
********************************************************************************
 
Table 2a : Return Period Rainfall Amounts (mm)
           Quantité de pluie (mm) par période de retour
 
********************************************************************************
 
 Duration/Durée        2        5       10       25       50      100   #Years
                  yr/ans   yr/ans   yr/ans   yr/ans   yr/ans   yr/ans   Années
          5 min      8.3     11.2     13.2     15.6     17.4     19.3       57
         10 min     12.1     15.3     17.4     20.0     22.0     23.9       57
         15 min     14.9     19.0     21.7     25.1     27.7     30.2       57
         30 min     19.3     26.4     31.1     37.1     41.5     45.9       57
          1 h       23.6     31.6     37.0     43.7     48.7     53.7       57
          2 h       28.9     38.5     44.9     53.0     59.0     64.9       57
          6 h       39.1     52.1     60.7     71.7     79.8     87.8       57
         12 h       46.2     62.4     73.1     86.6     96.7    106.6       56
         24 h       52.1     69.2     80.5     94.8    105.5    116.0       57
 
********************************************************************************
 
Table 2b :
 
 Return Period Rainfall Rates (mm/h) - 95% Confidence limits
 Intensité de la pluie (mm/h) par période de retour - Limites de confiance de 95%
 
********************************************************************************
 
 Duration/Durée        2        5       10       25       50      100   #Years
                  yr/ans   yr/ans   yr/ans   yr/ans   yr/ans   yr/ans   Années
          5 min     99.9    135.0    158.2    187.6    209.4    231.0       57
                +/-  9.5 +/- 15.9 +/- 21.5 +/- 29.0 +/- 34.7 +/- 40.5       57
         10 min     72.5     91.6    104.2    120.1    131.9    143.7       57
                +/-  5.1 +/-  8.6 +/- 11.7 +/- 15.7 +/- 18.8 +/- 21.9       57
         15 min     59.5     75.9     86.8    100.6    110.8    120.9       57
                +/-  4.4 +/-  7.5 +/- 10.1 +/- 13.6 +/- 16.3 +/- 19.0       57
         30 min     38.6     52.8     62.2     74.1     83.0     91.7       57
                +/-  3.8 +/-  6.5 +/-  8.7 +/- 11.8 +/- 14.1 +/- 16.4       57
          1 h       23.6     31.6     37.0     43.7     48.7     53.7       57
                +/-  2.2 +/-  3.7 +/-  4.9 +/-  6.7 +/-  8.0 +/-  9.3       57
          2 h       14.4     19.3     22.5     26.5     29.5     32.5       57
                +/-  1.3 +/-  2.2 +/-  3.0 +/-  4.0 +/-  4.8 +/-  5.6       57
          6 h        6.5      8.7     10.1     11.9     13.3     14.6       57
                +/-  0.6 +/-  1.0 +/-  1.3 +/-  1.8 +/-  2.2 +/-  2.5       57
         12 h        3.9      5.2      6.1      7.2      8.1      8.9       56
                +/-  0.4 +/-  0.6 +/-  0.8 +/-  1.1 +/-  1.3 +/-  1.6       56
         24 h        2.2      2.9      3.4      4.0      4.4      4.8       57
                +/-  0.2 +/-  0.3 +/-  0.4 +/-  0.6 +/-  0.7 +/-  0.8       57
 
********************************************************************************
 
Table 3 : Interpolation Equation / Équation d'interpolation: R = A*T^B
 
R = Interpolated Rainfall rate (mm/h)/Intensité interpolée de la pluie (mm/h)
RR = Rainfall rate (mm/h) / Intensité de la pluie (mm/h)
 T = Rainfall duration (h) / Durée de la pluie (h)
 
********************************************************************************
 
       Statistics/Statistiques      2      5     10     25     50    100
                               yr/ans yr/ans yr/ans yr/ans yr/ans yr/ans
      Mean of RR/Moyenne de RR   35.7   47.0   54.5   64.0   71.0   78.0
    Std. Dev. /Écart-type (RR)   34.7   45.8   53.1   62.5   69.4   76.3
        Std. Error/Erreur-type    7.7    9.0   10.0   11.4   12.5   13.7
               Coefficient (A)   21.7   28.7   33.4   39.3   43.7   48.0
         Exponent/Exposant (B) -0.687 -0.682 -0.680 -0.679 -0.678 -0.677
 Mean % Error/% erreur moyenne    7.7    8.0    8.1    8.3    8.5    8.7
