                     Environment and Climate Change Canada
                 Environnement et Changement climatique Canada
                                        
           Short Duration Rainfall Intensity-Duration-Frequency Data
          Données sur l'intensité, la durée et la fréquence des chutes
                            de pluie de courte durée
                                        
                 Gumbel - Method of moments/Méthode des moments
                                        
                                   2022/10/31
                                        
================================================================================
 
 OTTAWA MACDONALD-CARTIER INT'L A                       ON        6106000       
                     
 Latitude:  45 19'N    Longitude: 75 40'W    Elevation/Altitude: 114        m
 
 Years/Années :  1967 - 2016          # Years/Années :     46   
 
================================================================================
 
********************************************************************************
 
Table 1 : Annual Maximum (mm)/Maximum annuel (mm)
 
********************************************************************************
 
          Year  5 min 10 min 15 min 30 min    1 h    2 h    6 h   12 h   24 h
         Année
          1967   13.2   15.2   15.7   16.5   24.6   35.3   43.4   45.7   55.6
          1968    8.1   14.0   18.5   23.1   33.3   34.0   41.1   44.7   44.7
          1969    7.6   13.2   19.8   26.4   32.5   32.5   46.7   47.2   50.3
          1970   14.5   23.4   27.7   34.3   35.6   36.6   43.2   43.4   43.4
          1971   15.7   16.0   16.5   18.8   33.3   35.1   36.8   37.3   37.3
          1972   11.4   17.3   23.4   31.7   38.1   38.4   48.8   53.8   60.5
          1973    7.4   11.9   15.7   20.6   30.2   34.5   43.4   43.7   45.2
          1974    5.6    7.9   10.2   19.3   20.6   30.7   31.0   35.8   39.1
          1975   10.4   18.3   22.9   26.2   34.8   36.8   37.8   39.9   41.4
          1976    9.7   12.7   13.5   13.7   14.5   18.3   27.9   28.2   33.0
          1977    9.1   14.7   15.5   19.0   21.8   30.5   39.1   39.6   39.6
          1978   17.5   22.2   29.3   35.5   36.2   36.3   36.3   36.5   39.4
          1979   13.2   25.5   32.1   41.4   43.9   44.0   44.0   62.3   63.0
          1980    8.9   16.0   17.4   17.8   18.3   18.4   28.3   42.8   47.2
          1981    7.9   14.4   19.4   27.5   35.3   63.7  108.9  111.3  115.9
          1982    7.1   10.6   14.1   19.7   20.9   21.5   35.0   40.3   40.3
          1983    5.1    7.3    9.1    9.9   12.0   19.6   32.6   38.2   56.7
          1984    8.2    9.3   11.7   16.4   18.4   19.4   26.1   36.1   44.3
          1985    5.4    9.6   11.2   15.9   19.0   34.5   39.6   39.6   39.6
          1986   12.2   21.0   24.4   31.1   34.9   35.6   42.4   46.0   69.3
          1987    8.8   13.2   15.5   21.4   21.8   41.4   42.3   58.4   59.0
          1988   12.7   17.0   21.0   24.2   28.2   36.4   44.2   45.4   45.8
          1989    6.7   10.4   15.4   19.2   23.7   25.9   34.5   36.3   40.6
          1990   10.4   12.6   13.6   17.5   20.8   24.7   35.0   53.5   54.0
          1991    4.1    5.8    6.8    8.6   15.0   19.8   24.6   30.4   41.2
          1992    6.2   10.3   13.8   19.6   31.5   37.4   43.3   49.7   54.2
          1993    6.4    8.8   11.9   12.8   13.2   13.2   22.3   43.0   55.5
          1994   15.6   20.0   21.8   23.6   23.8   23.8   32.5   35.0   42.9
          1995    6.2    8.5   11.1   11.9   17.1   26.5   54.3   76.2   83.4
          1996    6.4   11.9   14.3   18.9   26.9   27.1   33.0   35.6   44.1
          1997    5.8    6.9    7.8   11.7   13.5   15.4   26.6   34.9   40.4
          1998    9.1   12.1   12.3   15.8   15.8   17.8   24.0   30.5   43.6
          1999    8.9   12.9   16.3   17.7   17.7   20.4   39.4   39.7   39.8
          2000    7.7    8.7    9.9   11.5   15.9   19.6   38.8   46.7   46.7
          2002    8.7   14.6   20.7   33.6   45.4   54.4   57.0   57.0   59.5
          2003    7.4   10.8   12.1   17.1   20.0   20.0   26.1   38.2   44.6
          2004    8.0   13.0   18.3   25.6   31.9   50.4   98.9  125.7  136.6
          2006   11.3   12.8   14.9   16.9   18.1   21.3   40.0   46.1   50.7
          2007    8.2   12.8   13.6   21.3   23.2   23.2   44.4   67.8   67.8
          2008    7.6   12.0   15.9   18.3   20.9   23.5   33.1   44.8   49.6
          2009    9.5   14.7   17.0   21.5   36.0   47.0   47.0   62.8   66.9
          2010    8.4   15.5   17.6   21.4   29.0   33.1   35.6   41.4   46.6
          2013    9.4   16.2   20.1   21.3   25.1   41.3   42.7   42.7   44.1
          2014   11.4   17.7   19.4   22.8   24.9   26.6   33.4   46.2   56.2
          2015    6.2    9.2   12.1   12.7   15.3   18.8   26.1   36.9   41.2
          2016    9.5   14.2   14.6   14.8   16.4   24.6   35.6   37.3   40.4
        ---------------------------------------------------------------------
        # Yrs.     46     46     46     46     46     46     46     46     46
        Années
          Mean    9.1   13.5   16.4   20.6   25.0   30.2   40.2   47.3   52.2
       Moyenne
     Std. Dev.    3.0    4.4    5.4    7.1    8.6   10.9   15.9   18.3   19.0
    Écart-type
         Skew.   0.92   0.68   0.83   0.88   0.50   0.86   2.94   2.86   2.92
   Dissymétrie
      Kurtosis   3.69   3.60   3.99   3.91   2.50   3.87  13.66  12.49  13.04
 
          *-99.9 Indicates Missing Data/Données manquantes
 
 Warning: annual maximum amount greater than 100-yr return period amount
 Avertissement : la quantité maximale annuelle excède la quantité
                 pour une période de retour de 100 ans
          Year/Année      Duration/Durée        Data/Données          100-yr/ans
                1981               6 h                 108.9                89.9
                1981              12 h                 111.3               104.6
                1981              24 h                 115.9               111.9
                2004               6 h                  98.9                89.9
                2004              12 h                 125.7               104.6
                2004              24 h                 136.6               111.9
 
********************************************************************************
 
Table 2a : Return Period Rainfall Amounts (mm)
           Quantité de pluie (mm) par période de retour
 
********************************************************************************
 
 Duration/Durée        2        5       10       25       50      100   #Years
                  yr/ans   yr/ans   yr/ans   yr/ans   yr/ans   yr/ans   Années
          5 min      8.6     11.3     13.0     15.3     16.9     18.5       46
         10 min     12.8     16.7     19.2     22.5     24.9     27.2       46
         15 min     15.5     20.3     23.5     27.5     30.5     33.4       46
         30 min     19.4     25.7     29.8     35.1     39.0     42.9       46
          1 h       23.6     31.2     36.2     42.6     47.3     52.0       46
          2 h       28.4     38.1     44.5     52.6     58.6     64.5       46
          6 h       37.5     51.6     60.9     72.6     81.3     89.9       46
         12 h       44.3     60.4     71.1     84.6     94.7    104.6       46
         24 h       49.1     65.9     77.0     91.1    101.5    111.9       46
 
********************************************************************************
 
Table 2b :
 
 Return Period Rainfall Rates (mm/h) - 95% Confidence limits
 Intensité de la pluie (mm/h) par période de retour - Limites de confiance de 95%
 
********************************************************************************
 
 Duration/Durée        2        5       10       25       50      100   #Years
                  yr/ans   yr/ans   yr/ans   yr/ans   yr/ans   yr/ans   Années
          5 min    103.3    135.2    156.3    183.0    202.8    222.5       46
                +/-  9.6 +/- 16.1 +/- 21.8 +/- 29.4 +/- 35.1 +/- 40.9       46
         10 min     77.0    100.1    115.5    134.8    149.2    163.5       46
                +/-  6.9 +/- 11.7 +/- 15.8 +/- 21.3 +/- 25.5 +/- 29.7       46
         15 min     62.2     81.3     94.0    110.0    121.9    133.7       46
                +/-  5.7 +/-  9.7 +/- 13.1 +/- 17.6 +/- 21.1 +/- 24.6       46
         30 min     38.8     51.4     59.7     70.2     78.0     85.7       46
                +/-  3.8 +/-  6.3 +/-  8.6 +/- 11.6 +/- 13.8 +/- 16.1       46
          1 h       23.6     31.2     36.2     42.6     47.3     52.0       46
                +/-  2.3 +/-  3.8 +/-  5.2 +/-  7.0 +/-  8.4 +/-  9.8       46
          2 h       14.2     19.0     22.2     26.3     29.3     32.3       46
                +/-  1.5 +/-  2.4 +/-  3.3 +/-  4.5 +/-  5.3 +/-  6.2       46
          6 h        6.3      8.6     10.1     12.1     13.5     15.0       46
                +/-  0.7 +/-  1.2 +/-  1.6 +/-  2.2 +/-  2.6 +/-  3.0       46
         12 h        3.7      5.0      5.9      7.1      7.9      8.7       46
                +/-  0.4 +/-  0.7 +/-  0.9 +/-  1.2 +/-  1.5 +/-  1.7       46
         24 h        2.0      2.7      3.2      3.8      4.2      4.7       46
                +/-  0.2 +/-  0.4 +/-  0.5 +/-  0.6 +/-  0.8 +/-  0.9       46
 
********************************************************************************
 
Table 3 : Interpolation Equation / Équation d'interpolation: R = A*T^B
 
R = Interpolated Rainfall rate (mm/h)/Intensité interpolée de la pluie (mm/h)
RR = Rainfall rate (mm/h) / Intensité de la pluie (mm/h)
 T = Rainfall duration (h) / Durée de la pluie (h)
 
********************************************************************************
 
       Statistics/Statistiques      2      5     10     25     50    100
                               yr/ans yr/ans yr/ans yr/ans yr/ans yr/ans
      Mean of RR/Moyenne de RR   36.8   48.3   55.9   65.5   72.7   79.8
    Std. Dev. /Écart-type (RR)   36.4   47.5   54.8   64.0   70.8   77.6
        Std. Error/Erreur-type    8.8   11.2   12.7   14.7   16.2   17.7
               Coefficient (A)   21.7   28.9   33.6   39.6   44.0   48.4
         Exponent/Exposant (B) -0.707 -0.698 -0.695 -0.692 -0.690 -0.688
 Mean % Error/% erreur moyenne    7.5    7.8    7.9    8.1    8.1    8.2
