                     Environment and Climate Change Canada
                 Environnement et Changement climatique Canada
                                        
           Short Duration Rainfall Intensity-Duration-Frequency Data
          Données sur l'intensité, la durée et la fréquence des chutes
                            de pluie de courte durée
                                        
                 Gumbel - Method of moments/Méthode des moments
                                        
                                   2022/10/31
                                        
================================================================================
 
 NORTH BAY A                                            ON        6085700       
                     
 Latitude:  46 22'N    Longitude: 79 25'W    Elevation/Altitude: 370        m
 
 Years/Années :  1964 - 2016          # Years/Années :     46   
 
================================================================================
 
********************************************************************************
 
Table 1 : Annual Maximum (mm)/Maximum annuel (mm)
 
********************************************************************************
 
          Year  5 min 10 min 15 min 30 min    1 h    2 h    6 h   12 h   24 h
         Année
          1964    4.6    6.1    7.1   12.7   19.3   19.6   25.7   29.7   32.5
          1965    7.6   13.5   17.8   19.0   22.1   28.2   39.1   51.1   55.9
          1966   19.0   24.1   26.9   27.9   27.9   30.5   34.0   34.0   34.0
          1967    7.9   10.7   11.4   20.1   22.9   35.1   39.9   49.8   51.1
          1968    8.1   15.0   16.3   31.2   39.1   43.4   43.9   43.9   53.6
          1969   10.7   17.5   18.3   18.8   21.3   34.0   42.2   43.4   49.3
          1970    9.9   15.0   19.8   32.8   48.3   50.8   50.8   55.9   72.4
          1971    4.8    6.1    7.9   11.2   12.7   13.2   27.4   43.7   54.6
          1972   10.9   14.7   19.6   25.7   31.5   44.7   62.7   76.7   83.6
          1973    6.3    8.4   10.7   15.5   21.1   23.6   30.0   42.4   43.4
          1974   10.2   14.5   19.3   31.2   38.9   38.9   46.0   53.6   58.2
          1975   13.5   17.5   19.8   25.1   34.3   35.3   49.8   49.8   49.8
          1976    6.3   12.2   15.0   18.8   19.0   19.8   30.7   47.2   57.7
          1977    6.3   10.2   14.2   21.3   35.6   50.0   65.0   75.2   88.4
          1978   13.1   15.5   21.0   21.2   21.2   23.4   46.0   56.6   56.6
          1979    8.7   12.5   15.3   18.7   23.1   25.6   43.2   45.4   45.6
          1980    6.9   11.1   13.3   20.9   25.8   27.8   41.2   48.8   56.1
          1981    6.3    8.3   12.3   15.4   22.6   29.4   35.9   40.8   58.9
          1982    4.4    6.4    8.6   10.6   13.8   22.0   36.5   38.5   46.6
          1983   14.0   18.8   23.3   27.8   35.9   37.2   54.3   63.5   77.2
          1984    4.2    7.6    8.8   13.3   16.3   24.8   32.8   39.1   49.4
          1985    8.6   12.8   13.9   14.1   14.3   22.7   44.0   58.0   58.0
          1986   12.0   13.9   16.3   23.8   32.1   52.2   71.3   83.0  103.4
          1987    5.7   10.0   12.5   15.8   17.9   34.1   37.9   38.3   52.2
          1988    8.4   12.6   14.3   17.9   20.3   23.5   45.4   64.8   68.1
          1989   13.0   13.8   15.6   19.4   36.7   45.7   60.1   68.1   70.1
          1990    6.2   10.1   14.1   19.2   32.3   50.1   80.2   93.0   93.2
          1991    7.0   12.3   14.1   14.4   15.0   20.6   31.8   38.2   50.0
          1992   11.2   15.2   18.8   24.9   28.1   28.4   34.3   46.3   47.8
          1993    6.3   10.9   14.0   18.4   25.6   33.4   38.5   48.8   49.7
          1994    5.4    8.4   11.8   14.0   17.1   20.4   34.1   46.9   47.9
          1995    7.3    9.2   12.5   16.9   17.1   19.9   32.8   47.4   61.4
          1996    3.4    5.1    6.8   10.4   17.6   24.9   38.1   39.4   41.4
          1997    5.9    8.3    9.3   17.6   19.2   19.2   24.5   30.2   52.7
          1998    7.4   11.6   15.2   26.3   38.8   51.2   68.0   68.4   68.4
          1999   16.8   27.4   35.3   38.5   39.4   41.6   47.1   65.7   91.3
          2001    5.9    8.0   11.4   16.8   20.2   24.6   54.0   61.9   61.9
          2002    7.5   10.0   12.4   14.1   14.4   14.8   20.2   31.9   39.7
          2003    5.8    9.0   12.1   16.2   17.7   20.1   33.1   36.2   58.9
          2005    9.5   13.9   16.6   24.8   30.5   31.9   40.5   43.9   43.9
          2006    6.8   10.6   12.7   16.5   28.9   32.6   43.0   52.1   56.3
          2012    7.1   11.9   14.2   14.8   19.0   24.3   31.0   41.1   47.5
          2013   12.2   15.8   16.4   17.7   18.9   20.9   33.5   41.5   51.4
          2014    7.2    9.6   13.0   16.6   19.4   30.2   47.0   47.2   54.0
          2015   10.0   13.4   14.2   15.8   17.0   17.8   18.0   23.6   25.2
          2016    6.4    8.0    9.6   14.8   16.4   23.2   42.4   43.2   43.6
        ---------------------------------------------------------------------
        # Yrs.     46     46     46     46     46     46     46     46     46
        Années
          Mean    8.4   12.1   14.9   19.5   24.5   30.1   41.9   49.7   56.8
       Moyenne
     Std. Dev.    3.4    4.4    5.2    6.2    8.7   10.6   13.2   14.4   16.0
    Écart-type
         Skew.   1.17   1.25   1.54   1.03   0.81   0.69   0.87   0.95   1.01
   Dissymétrie
      Kurtosis   4.45   5.82   7.52   4.00   2.90   2.65   4.03   4.10   4.36
 
          *-99.9 Indicates Missing Data/Données manquantes
 
 Warning: annual maximum amount greater than 100-yr return period amount
 Avertissement : la quantité maximale annuelle excède la quantité
                 pour une période de retour de 100 ans
          Year/Année      Duration/Durée        Data/Données          100-yr/ans
                1966               5 min                19.0                18.9
                1999              10 min                27.4                25.9
                1999              15 min                35.3                31.2
 
********************************************************************************
 
Table 2a : Return Period Rainfall Amounts (mm)
           Quantité de pluie (mm) par période de retour
 
********************************************************************************
 
 Duration/Durée        2        5       10       25       50      100   #Years
                  yr/ans   yr/ans   yr/ans   yr/ans   yr/ans   yr/ans   Années
          5 min      7.9     10.8     12.8     15.3     17.1     18.9       46
         10 min     11.4     15.3     17.9     21.1     23.5     25.9       46
         15 min     14.0     18.6     21.6     25.5     28.3     31.2       46
         30 min     18.5     24.0     27.7     32.3     35.7     39.1       46
          1 h       23.1     30.7     35.8     42.3     47.0     51.8       46
          2 h       28.4     37.8     44.0     51.8     57.7     63.5       46
          6 h       39.8     51.4     59.1     68.8     76.0     83.2       46
         12 h       47.4     60.1     68.6     79.3     87.2     95.0       46
         24 h       54.2     68.3     77.7     89.6     98.4    107.1       46
 
********************************************************************************
 
Table 2b :
 
 Return Period Rainfall Rates (mm/h) - 95% Confidence limits
 Intensité de la pluie (mm/h) par période de retour - Limites de confiance de 95%
 
********************************************************************************
 
 Duration/Durée        2        5       10       25       50      100   #Years
                  yr/ans   yr/ans   yr/ans   yr/ans   yr/ans   yr/ans   Années
          5 min     94.3    129.8    153.4    183.1    205.2    227.1       46
                +/- 10.7 +/- 18.0 +/- 24.3 +/- 32.7 +/- 39.2 +/- 45.6       46
         10 min     68.4     91.7    107.1    126.7    141.1    155.5       46
                +/-  7.0 +/- 11.8 +/- 15.9 +/- 21.5 +/- 25.7 +/- 29.9       46
         15 min     56.0     74.4     86.6    101.9    113.3    124.6       46
                +/-  5.5 +/-  9.3 +/- 12.5 +/- 16.9 +/- 20.2 +/- 23.6       46
         30 min     37.0     48.0     55.3     64.5     71.3     78.1       46
                +/-  3.3 +/-  5.6 +/-  7.5 +/- 10.1 +/- 12.1 +/- 14.1       46
          1 h       23.1     30.7     35.8     42.3     47.0     51.8       46
                +/-  2.3 +/-  3.9 +/-  5.2 +/-  7.1 +/-  8.5 +/-  9.9       46
          2 h       14.2     18.9     22.0     25.9     28.8     31.7       46
                +/-  1.4 +/-  2.4 +/-  3.2 +/-  4.3 +/-  5.2 +/-  6.0       46
          6 h        6.6      8.6      9.8     11.5     12.7     13.9       46
                +/-  0.6 +/-  1.0 +/-  1.3 +/-  1.8 +/-  2.1 +/-  2.5       46
         12 h        3.9      5.0      5.7      6.6      7.3      7.9       46
                +/-  0.3 +/-  0.5 +/-  0.7 +/-  1.0 +/-  1.2 +/-  1.4       46
         24 h        2.3      2.8      3.2      3.7      4.1      4.5       46
                +/-  0.2 +/-  0.3 +/-  0.4 +/-  0.5 +/-  0.7 +/-  0.8       46
 
********************************************************************************
 
Table 3 : Interpolation Equation / Équation d'interpolation: R = A*T^B
 
R = Interpolated Rainfall rate (mm/h)/Intensité interpolée de la pluie (mm/h)
RR = Rainfall rate (mm/h) / Intensité de la pluie (mm/h)
 T = Rainfall duration (h) / Durée de la pluie (h)
 
********************************************************************************
 
       Statistics/Statistiques      2      5     10     25     50    100
                               yr/ans yr/ans yr/ans yr/ans yr/ans yr/ans
      Mean of RR/Moyenne de RR   34.0   45.6   53.2   62.9   70.1   77.2
    Std. Dev. /Écart-type (RR)   32.6   44.5   52.4   62.4   69.8   77.2
        Std. Error/Erreur-type    6.7    8.4    9.5   11.0   12.1   13.2
               Coefficient (A)   21.2   27.9   32.3   37.9   42.1   46.2
         Exponent/Exposant (B) -0.668 -0.680 -0.686 -0.691 -0.694 -0.696
 Mean % Error/% erreur moyenne    7.4    7.4    7.4    7.4    7.4    7.4
