                     Environment and Climate Change Canada
                 Environnement et Changement climatique Canada
                                        
           Short Duration Rainfall Intensity-Duration-Frequency Data
          Données sur l'intensité, la durée et la fréquence des chutes
                            de pluie de courte durée
                                        
                 Gumbel - Method of moments/Méthode des moments
                                        
                                   2022/10/31
                                        
================================================================================
 
 OTTAWA CDA RCS                                         ON        6105978       
                     
 Latitude:  45 23'N    Longitude: 75 43'W    Elevation/Altitude: 79         m
 
 Years/Années :  1905 - 2021          # Years/Années :     62   
 
================================================================================
 
********************************************************************************
 
Table 1 : Annual Maximum (mm)/Maximum annuel (mm)
 
********************************************************************************
 
          Year  5 min 10 min 15 min 30 min    1 h    2 h    6 h   12 h   24 h
         Année
          1905   10.4   17.8   20.8   26.4   36.1   42.2   43.9   46.2   53.1
          1906    9.1   16.8   21.6   26.7   32.3   32.3   39.1   39.6   39.6
          1907    9.9   15.5   17.5   17.5   21.6   24.4   29.5   42.4   47.2
          1935    4.3    7.1    8.9   10.7   18.8   25.4   41.7   46.5   46.5
          1937    9.7   10.2   14.2   24.4   25.7   25.7   29.5   37.8   38.9
          1938   14.0   19.0   23.4   31.7   32.5   34.5   71.1   71.6   71.6
          1954  -99.9  -99.9   10.2   20.3   25.7   27.2   39.9   41.1   41.4
          1957  -99.9  -99.9   16.3   21.8   28.4   42.7   42.7   42.7   42.7
          1959   10.7   18.8   24.1   27.4   28.2   37.3   42.4   44.4   44.4
          1960    7.1    8.4   12.2   15.7   19.6   25.7   34.5   37.6   37.6
          1961    7.9   12.4   15.7   19.6   24.9   25.1   25.1   25.1   26.4
          1962    7.9   13.2   14.0   24.1   29.0   30.2   30.7   37.1   37.1
          1963   10.4   16.5   17.8   18.0   18.0   20.6   49.3   57.9   58.2
          1964    6.1    9.1   13.7   19.6   23.6   25.7   25.7   30.2   32.5
          1965    9.1   13.7   15.7   16.3   18.3   22.4   30.7   36.1   36.1
          1966    7.4   12.4   15.2   19.6   23.1   28.4   28.7   28.7   30.5
          1967    5.6    8.4   11.9   15.0   21.8   36.3   43.7   47.5   52.8
          1968    7.6    8.4    8.4    9.4   15.7   21.6   34.5   43.4   43.4
          1969   10.4   14.2   19.6   30.7   38.6   38.6   39.1   51.3   61.0
          1970   10.2   11.9   15.2   16.3   23.1   31.0   36.1   40.9   48.8
          1972   11.7   19.6   22.4   27.2   33.0   33.0   45.5   48.3   55.4
          1973   10.9   15.7   17.8   22.6   41.4   42.2   59.7   60.5   60.5
          1974   11.2   14.5   16.3   17.3   21.6   24.6   31.2   33.0   33.8
          1975    8.1   10.9   13.2   16.5   21.6   24.1   25.1   32.8   42.7
          1976   14.0   18.3   24.4   27.2   33.8   34.3   34.3   34.3   44.2
          1977   12.7   18.0   23.9   36.6   42.7   43.7   43.7   43.7   43.7
          1978   10.3   12.2   16.3   16.7   19.0   20.1   24.7   33.6   37.4
          1980   11.8   12.9   12.9   16.2   19.0   20.8   26.7   43.8   53.9
          1981    7.8   15.1   21.7   31.6   38.0   40.6   48.5   51.0   51.8
          1982    9.6   10.7   13.4   23.1   24.0   24.2   30.5   34.6   34.6
          1983    7.4   14.0   17.8   20.6   33.4   33.8   33.8   33.8   47.4
          1984    7.1    9.6   12.0   15.8   22.4   24.7   30.6   32.7   42.6
          1985   11.2   13.9   16.3   17.7   20.0   27.4   34.9   34.9   34.9
          1986    7.3    7.3    9.4   14.4   20.8   27.2   47.2   75.6   83.4
          1987    8.2   11.0   13.9   16.5   16.7   16.8   33.9   40.0   50.8
          1988   10.7   20.8   31.2   36.4   53.8   71.0   80.6   82.0   82.0
          1989    9.4   11.6   15.3   17.9   20.4   38.2   57.6   59.5   59.9
          1990   16.4   19.2   20.8   22.7   22.7   25.5   31.6   62.6   62.6
          1991    8.4   10.2   10.4   14.3   15.8   15.8   25.8   37.1   42.9
          1992    5.1    6.7    8.6   15.4   25.7   32.4   36.2   38.0   38.2
          1993    8.1   13.6   15.5   19.9   20.9   21.3   24.5   26.6   47.4
          1994    9.9   12.3   17.3   18.9   20.6   31.2   41.1   42.9   42.9
          1995    6.9    9.7   11.9   12.6   19.0   28.0   45.6   74.2   79.4
          1996    7.5   14.7   20.4   28.5   33.6   47.1   74.8   74.8   74.8
          2000    8.2   12.4   17.3   19.7   21.6   24.3   52.1   66.4   66.4
          2001    8.0   12.7   16.8   18.6   18.6   18.6   21.8   31.4   44.7
          2002    4.9    6.7    8.9   13.6   17.9   21.3   26.3   37.4   57.3
          2003    7.0   11.4   14.4   19.2   20.8   22.4   22.4   34.2   41.6
          2004    7.9   10.0   10.4   17.1   28.3   40.6   99.7  122.5  131.9
          2005   11.6   14.9   15.6   20.3   24.5   40.0   47.1   47.1   47.1
          2006    7.0   13.2   14.2   22.6   27.8   36.8   52.0   54.4   54.6
          2007   11.4   18.8   21.2   21.4   25.2   26.4   51.6   75.4   75.6
          2008    8.4   12.4   15.0   15.2   15.2   19.0   32.8   43.2   43.4
          2009    9.2   12.6   16.0   23.0   23.0   23.0   29.4   41.4   69.2
          2010   10.0   18.0   21.8   29.4   32.8   34.6   40.0   46.0   56.6
          2011    8.0   10.8   12.2   15.8   16.6   22.6   33.0   34.0   42.2
          2012  -99.9  -99.9  -99.9  -99.9   16.9   19.0   32.2   40.1   43.0
          2013  -99.9  -99.9  -99.9  -99.9   22.3   22.7   25.9   30.8   30.8
          2014    9.6   16.2   20.2   22.6   27.7   31.5   32.3   32.3   52.5
          2015    7.4    9.6   10.6   13.6   13.8   17.2   28.4   42.2   49.2
          2016   11.2   17.0   19.2   22.4   25.6   34.2   42.6   55.2   59.4
          2017   10.4   14.4   17.6   18.8   19.4   22.6   44.0   60.0   74.0
          2018   11.6   16.6   17.2   19.8   27.4   52.2   66.8   75.0   82.8
          2019    7.2   10.4   13.4   16.2   22.8   26.0   30.6   34.2   37.2
          2020    9.0   13.8   15.4   20.4   21.2   21.2   26.2   34.2   41.8
          2021    7.8   14.0   16.8   23.2   30.4   36.6   43.4   46.0   47.2
        ---------------------------------------------------------------------
        # Yrs.     62     62     64     64     66     66     66     66     66
        Années
          Mean    9.1   13.3   16.2   20.5   24.9   29.7   39.5   46.4   51.3
       Moyenne
     Std. Dev.    2.3    3.5    4.5    5.7    7.5    9.6   14.7   16.7   17.0
    Écart-type
         Skew.   0.54   0.13   0.60   0.83   1.35   1.50   1.80   1.94   1.98
   Dissymétrie
      Kurtosis   3.97   2.44   3.82   3.72   5.51   6.99   7.24   8.55   9.58
 
          *-99.9 Indicates Missing Data/Données manquantes
 
 Warning: annual maximum amount greater than 100-yr return period amount
 Avertissement : la quantité maximale annuelle excède la quantité
                 pour une période de retour de 100 ans
          Year/Année      Duration/Durée        Data/Données          100-yr/ans
                1988              15 min                31.2                30.4
                1988               1 h                  53.8                48.5
                1988               2 h                  71.0                59.9
                1990               5 min                16.4                16.2
                2004               6 h                  99.7                85.5
                2004              12 h                 122.5                98.9
                2004              24 h                 131.9               104.7
 
********************************************************************************
 
Table 2a : Return Period Rainfall Amounts (mm)
           Quantité de pluie (mm) par période de retour
 
********************************************************************************
 
 Duration/Durée        2        5       10       25       50      100   #Years
                  yr/ans   yr/ans   yr/ans   yr/ans   yr/ans   yr/ans   Années
          5 min      8.7     10.8     12.1     13.8     15.0     16.2       62
         10 min     12.7     15.8     17.9     20.5     22.4     24.3       62
         15 min     15.4     19.4     22.1     25.4     27.9     30.4       64
         30 min     19.5     24.6     28.0     32.2     35.4     38.5       64
          1 h       23.7     30.3     34.7     40.3     44.4     48.5       66
          2 h       28.1     36.6     42.3     49.4     54.7     59.9       66
          6 h       37.1     50.0     58.6     69.5     77.5     85.5       66
         12 h       43.6     58.4     68.2     80.6     89.8     98.9       66
         24 h       48.5     63.6     73.5     86.1     95.5    104.7       66
 
********************************************************************************
 
Table 2b :
 
 Return Period Rainfall Rates (mm/h) - 95% Confidence limits
 Intensité de la pluie (mm/h) par période de retour - Limites de confiance de 95%
 
********************************************************************************
 
 Duration/Durée        2        5       10       25       50      100   #Years
                  yr/ans   yr/ans   yr/ans   yr/ans   yr/ans   yr/ans   Années
          5 min    104.9    129.0    145.0    165.1    180.1    194.9       62
                +/-  6.2 +/- 10.5 +/- 14.2 +/- 19.1 +/- 22.9 +/- 26.6       62
         10 min     76.1     94.8    107.2    122.9    134.5    146.1       62
                +/-  4.8 +/-  8.2 +/- 11.0 +/- 14.9 +/- 17.8 +/- 20.7       62
         15 min     61.6     77.6     88.3    101.7    111.6    121.5       64
                +/-  4.1 +/-  6.9 +/-  9.3 +/- 12.5 +/- 15.0 +/- 17.4       64
         30 min     39.1     49.2     56.0     64.4     70.8     77.0       64
                +/-  2.6 +/-  4.4 +/-  5.9 +/-  7.9 +/-  9.5 +/- 11.0       64
          1 h       23.7     30.3     34.7     40.3     44.4     48.5       66
                +/-  1.7 +/-  2.8 +/-  3.8 +/-  5.1 +/-  6.1 +/-  7.1       66
          2 h       14.0     18.3     21.1     24.7     27.3     30.0       66
                +/-  1.1 +/-  1.8 +/-  2.4 +/-  3.3 +/-  3.9 +/-  4.6       66
          6 h        6.2      8.3      9.8     11.6     12.9     14.2       66
                +/-  0.5 +/-  0.9 +/-  1.2 +/-  1.7 +/-  2.0 +/-  2.3       66
         12 h        3.6      4.9      5.7      6.7      7.5      8.2       66
                +/-  0.3 +/-  0.5 +/-  0.7 +/-  0.9 +/-  1.1 +/-  1.3       66
         24 h        2.0      2.6      3.1      3.6      4.0      4.4       66
                +/-  0.2 +/-  0.3 +/-  0.4 +/-  0.5 +/-  0.6 +/-  0.7       66
 
********************************************************************************
 
Table 3 : Interpolation Equation / Équation d'interpolation: R = A*T^B
 
R = Interpolated Rainfall rate (mm/h)/Intensité interpolée de la pluie (mm/h)
RR = Rainfall rate (mm/h) / Intensité de la pluie (mm/h)
 T = Rainfall duration (h) / Durée de la pluie (h)
 
********************************************************************************
 
       Statistics/Statistiques      2      5     10     25     50    100
                               yr/ans yr/ans yr/ans yr/ans yr/ans yr/ans
      Mean of RR/Moyenne de RR   36.8   46.1   52.3   60.1   65.9   71.6
    Std. Dev. /Écart-type (RR)   36.6   45.1   50.7   57.8   63.1   68.3
        Std. Error/Erreur-type    8.4   10.6   12.1   14.0   15.4   16.8
               Coefficient (A)   21.6   27.7   31.8   36.8   40.6   44.4
         Exponent/Exposant (B) -0.710 -0.695 -0.689 -0.682 -0.679 -0.676
 Mean % Error/% erreur moyenne    7.5    8.1    8.4    8.7    8.9    9.0
