                     Environment and Climate Change Canada
                 Environnement et Changement climatique Canada
                                        
           Short Duration Rainfall Intensity-Duration-Frequency Data
          Données sur l'intensité, la durée et la fréquence des chutes
                            de pluie de courte durée
                                        
                 Gumbel - Method of moments/Méthode des moments
                                        
                                   2022/10/31
                                        
================================================================================
 
 ST THOMAS WPCP                                         ON        6137362       
 (composite)         
 Latitude:  42 46'N    Longitude: 81 13'W    Elevation/Altitude: 209        m
 
 Years/Années :  1926 - 2016          # Years/Années :     82   
 
================================================================================
 
********************************************************************************
 
Table 1 : Annual Maximum (mm)/Maximum annuel (mm)
 
********************************************************************************
 
          Year  5 min 10 min 15 min 30 min    1 h    2 h    6 h   12 h   24 h
         Année
          1926    8.1   11.9   16.3   24.9   41.1   56.4   75.7   80.3  104.4
          1927    7.1    9.4   10.2   15.5   18.3   29.7   40.9   46.2   56.6
          1929    9.7   15.0   18.3   21.1   38.4   38.4   38.4   38.4   40.9
          1930    8.1   16.0   18.3   24.4   29.0   35.6   49.5   50.3   51.6
          1931    8.4   10.7   16.0   20.6   23.1   23.4   33.8   37.1   37.1
          1932    7.1    9.9   12.2   22.6   39.4   59.4   64.3   65.3   65.5
          1933   10.2   11.2   11.2   11.7   12.2   14.7   24.9   24.9   27.4
          1934    7.1    8.4   10.4   12.2   15.2   16.0   25.9   27.2   27.2
          1935   14.0   26.4   32.8   49.8   60.2   63.2   63.2   63.2   63.2
          1936    6.3   11.4   12.2   14.2   19.0   20.3   30.2   32.8   32.8
          1937    8.9   17.8   25.1   37.8   43.9   49.8   54.9   56.9   74.4
          1938   10.7   14.0   15.0   17.0   17.8   24.9   46.0   47.5   47.5
          1939    6.9   11.7   17.5   21.1   21.6   22.1   27.9   30.0   30.5
          1940    6.6   12.4   18.3   25.4   33.5   35.3   38.9   50.5   72.9
          1941    8.6   13.2   17.0   27.4   37.8   38.1   38.1   41.4   50.5
          1942   15.0   20.3   22.6   23.6   32.0   41.7   47.2   52.8   54.9
          1943    7.6   12.2   15.2   20.6   25.9   26.4   40.6   48.8   50.3
          1944    8.1   14.5   17.3   21.8   26.4   26.7   33.5   33.5   33.5
          1945    9.1   12.2   13.0   18.0   20.1   30.7   47.2   55.4   75.4
          1946    9.4   15.0   16.8   17.8   24.6   24.9   27.9   36.3   42.2
          1947    9.4   18.3   21.8   29.0   31.7   33.0   40.9   44.2   56.6
          1948   10.2   14.7   19.6   19.8   19.8   19.8   26.7   28.2   39.1
          1949    6.3    9.9   12.2   14.0   14.2   21.8   33.3   33.5   35.1
          1952    8.1   13.7   15.5   23.9   33.0   38.6   44.2   71.4   76.7
          1953    5.1    7.9    9.4   16.5   20.6   23.9   25.4   31.0   40.6
          1954    5.3    8.9   10.9   16.0   16.3   25.1   33.8   47.2   69.3
          1955    6.9    9.9   10.7   12.4   16.0   20.1   33.0   45.5   54.1
          1956   10.7   14.7   19.3   23.1   38.1   41.4   51.3   57.7   60.7
          1957   12.4   18.5   21.8   24.6   30.7   34.5   42.2   42.7   42.9
          1958    6.9    9.7   10.9   18.5   21.1   28.7   36.3   36.3   36.8
          1959    9.1   14.7   18.8   25.1   27.4   31.2   35.6   35.8   35.8
          1960    8.9   16.0   17.3   21.6   27.4   27.7   31.5   38.6   46.2
          1961   12.7   16.0   18.0   20.1   22.6   27.4   31.7   31.7   31.7
          1962   12.2   15.7   18.8   18.8   20.8   21.3   36.6   42.7   48.0
          1963    4.8    5.8    8.6   10.9   20.6   26.4   29.7   36.1   41.7
          1964   11.9   15.0   16.8   23.1   37.1   67.3   86.4   86.9   86.9
          1965    5.6    7.6    9.1   12.2   19.3   25.1   31.0   44.2   56.6
          1967    6.3    9.4   13.2   23.6   38.1   58.4   66.8   76.2   78.5
          1968   11.4   17.8   20.3   25.4   35.8   44.7   86.6  101.6  104.6
          1969   29.2   30.5   38.1   45.0   48.5   49.5   49.5   49.5   52.6
          1970    5.3    5.8    6.9   11.4   13.5   15.5   29.7   29.7   36.1
          1971   10.4   12.7   14.7   22.4   22.4   22.4   26.7   26.7   30.2
          1972    5.1   10.2   11.7   15.5   15.5   25.4   27.2   31.7   40.4
          1973    6.1    7.4    7.4    8.9   10.2   14.0   23.6   28.4   33.8
          1974    6.1    7.4    9.9   11.2   14.5   20.6   25.1   26.9   26.9
          1975   10.9   21.8   27.2   35.8   39.4   61.0   66.8   75.9   79.0
          1976   20.3   21.6   23.4   25.1   25.4   27.7   49.0   51.6   51.6
          1977   11.7   17.3   20.3   22.6   22.6   30.5   45.0   46.0   48.8
          1978    9.0   11.4   13.6   16.0   18.7   21.6   32.0   34.4   41.0
          1979    5.0    5.8    6.6    8.6   14.0   17.2   27.0   42.8   51.8
          1980    8.9   12.3   12.7   16.0   25.1   31.7   34.9   52.9   73.0
          1981  -99.9  -99.9  -99.9  -99.9   34.0   36.9   49.2   66.8   73.9
          1982    8.5   13.1   16.1   21.2   29.3   30.0   55.6   65.4   68.0
          1983   10.7   13.9   18.0   30.6   42.8   50.1   82.2   99.4  108.7
          1984    8.6   13.0   14.7   29.4   40.6   64.7   92.1   95.3  124.3
          1985    6.5   10.2   14.9   18.4   27.6   34.6   34.8   47.4   52.8
          1986    8.9   10.2   13.1   23.9   25.2   37.9   45.1   49.4   50.4
          1987    6.1    8.1    8.6   16.3   23.0   27.8   39.4   51.6   51.8
          1988    8.9   12.1   13.9   26.9   33.7   40.8   50.4   52.2   52.6
          1989    6.1    7.7    9.3   15.4   25.7   26.2   27.2   27.2   27.4
          1990   10.3   16.3   21.2   36.4   51.1   56.2   56.7   56.7   76.9
          1991    6.1   10.4   13.2   21.4   25.6   27.6   36.9   44.0   46.0
          1992    8.4   12.0   17.2   21.2   28.8   30.7   32.2   39.1   52.2
          1993    4.0    4.4    5.8    9.0   12.8   13.4   27.5   29.0   34.4
          1994   10.3   12.0   12.7   18.4   27.4   31.5   48.6   52.2   52.2
          1995    8.1   11.3   12.1   17.4   20.6   31.4   60.0   69.5   72.0
          1996   12.1   15.8   18.3   19.1   19.1   24.3   25.3   44.4   52.0
          1997   11.4   12.3   16.4   27.2   30.7   31.3   43.4   43.4   46.7
          1998   11.7   20.7   29.2   41.5   43.0   43.0   43.0   52.2   56.3
          1999    8.5   12.2   16.2   23.0   24.2   25.8   32.9   36.6   36.6
          2000    8.5   12.5   16.4   27.8   31.5   44.8   47.5   53.4   58.4
          2001    6.1   10.7   11.9   21.4   24.5   24.5   34.8   38.6   40.4
          2002    8.4   11.1   14.4   18.8   21.2   23.9   23.9   25.2   34.4
          2003    8.1   14.4   16.3   20.6   32.9   38.0   38.4   38.4   38.4
          2004   10.2   14.3   15.8   16.9   26.0   26.0   34.7   35.9   45.0
          2005  -99.9  -99.9  -99.9  -99.9  -99.9  -99.9  -99.9  -99.9   66.6
          2007    5.4    7.7    9.7   13.7   14.7   15.7   19.5  -99.9  -99.9
          2009   14.7   26.4   36.0   57.7   59.8   59.8   59.8   60.0   60.0
          2011    7.7   13.6   17.0   17.5   21.9   28.4   32.9   43.8   43.8
          2012    5.9    9.0   11.2   18.3   27.5   28.8   41.2   46.7   46.9
          2013    6.2   11.0   12.4   19.3   29.7   35.1   46.4   70.0   81.0
          2014    9.3   14.8   16.4   26.6   46.7   69.1   73.8   74.8   74.8
          2015    6.1   11.1   14.7   17.6   19.2   20.2   24.4   35.6   50.3
          2016   10.6   14.0   15.2   16.8   29.8   30.6   34.6   34.6   36.2
        ---------------------------------------------------------------------
        # Yrs.     82     82     82     82     83     83     83     82     83
        Années
          Mean    8.9   13.0   15.8   21.6   27.6   33.0   42.0   47.9   53.7
       Moyenne
     Std. Dev.    3.5    4.7    6.0    8.6   10.5   13.5   15.9   17.3   19.7
    Écart-type
         Skew.   2.77   1.20   1.40   1.70   0.90   1.04   1.30   1.18   1.22
   Dissymétrie
      Kurtosis  15.99   5.57   6.20   7.42   3.90   3.50   4.50   4.34   4.83
 
          *-99.9 Indicates Missing Data/Données manquantes
 
 Warning: annual maximum amount greater than 100-yr return period amount
 Avertissement : la quantité maximale annuelle excède la quantité
                 pour une période de retour de 100 ans
          Year/Année      Duration/Durée        Data/Données          100-yr/ans
                1935              30 min                49.8                48.7
                1969               5 min                29.2                20.1
                1969              10 min                30.5                27.6
                1969              15 min                38.1                34.6
                1976               5 min                20.3                20.1
                1984               6 h                  92.1                91.9
                1984              24 h                 124.3               115.6
                2009              15 min                36.0                34.6
                2009              30 min                57.7                48.7
 
********************************************************************************
 
Table 2a : Return Period Rainfall Amounts (mm)
           Quantité de pluie (mm) par période de retour
 
********************************************************************************
 
 Duration/Durée        2        5       10       25       50      100   #Years
                  yr/ans   yr/ans   yr/ans   yr/ans   yr/ans   yr/ans   Années
          5 min      8.3     11.5     13.6     16.2     18.1     20.1       82
         10 min     12.3     16.4     19.1     22.6     25.1     27.6       82
         15 min     14.9     20.2     23.7     28.1     31.4     34.6       82
         30 min     20.2     27.8     32.9     39.3     44.0     48.7       82
          1 h       25.9     35.2     41.3     49.1     54.9     60.6       83
          2 h       30.8     42.7     50.6     60.5     67.9     75.2       83
          6 h       39.3     53.4     62.7     74.5     83.2     91.9       83
         12 h       45.0     60.3     70.4     83.2     92.6    102.0       82
         24 h       50.5     67.9     79.4     94.0    104.8    115.6       83
 
********************************************************************************
 
Table 2b :
 
 Return Period Rainfall Rates (mm/h) - 95% Confidence limits
 Intensité de la pluie (mm/h) par période de retour - Limites de confiance de 95%
 
********************************************************************************
 
 Duration/Durée        2        5       10       25       50      100   #Years
                  yr/ans   yr/ans   yr/ans   yr/ans   yr/ans   yr/ans   Années
          5 min    100.1    137.7    162.6    194.1    217.4    240.6       82
                +/-  8.5 +/- 14.2 +/- 19.2 +/- 25.9 +/- 31.0 +/- 36.2       82
         10 min     73.6     98.3    114.6    135.3    150.6    165.9       82
                +/-  5.6 +/-  9.4 +/- 12.6 +/- 17.0 +/- 20.4 +/- 23.7       82
         15 min     59.5     80.6     94.6    112.4    125.5    138.6       82
                +/-  4.8 +/-  8.0 +/- 10.8 +/- 14.6 +/- 17.5 +/- 20.4       82
         30 min     40.4     55.7     65.8     78.5     88.0     97.4       82
                +/-  3.4 +/-  5.8 +/-  7.8 +/- 10.5 +/- 12.6 +/- 14.6       82
          1 h       25.9     35.2     41.3     49.1     54.9     60.6       83
                +/-  2.1 +/-  3.5 +/-  4.7 +/-  6.4 +/-  7.6 +/-  8.9       83
          2 h       15.4     21.3     25.3     30.3     33.9     37.6       83
                +/-  1.3 +/-  2.2 +/-  3.0 +/-  4.1 +/-  4.9 +/-  5.7       83
          6 h        6.6      8.9     10.5     12.4     13.9     15.3       83
                +/-  0.5 +/-  0.9 +/-  1.2 +/-  1.6 +/-  1.9 +/-  2.2       83
         12 h        3.8      5.0      5.9      6.9      7.7      8.5       82
                +/-  0.3 +/-  0.5 +/-  0.7 +/-  0.9 +/-  1.0 +/-  1.2       82
         24 h        2.1      2.8      3.3      3.9      4.4      4.8       83
                +/-  0.2 +/-  0.3 +/-  0.4 +/-  0.5 +/-  0.6 +/-  0.7       83
 
********************************************************************************
 
Table 3 : Interpolation Equation / Équation d'interpolation: R = A*T^B
 
R = Interpolated Rainfall rate (mm/h)/Intensité interpolée de la pluie (mm/h)
RR = Rainfall rate (mm/h) / Intensité de la pluie (mm/h)
 T = Rainfall duration (h) / Durée de la pluie (h)
 
********************************************************************************
 
       Statistics/Statistiques      2      5     10     25     50    100
                               yr/ans yr/ans yr/ans yr/ans yr/ans yr/ans
      Mean of RR/Moyenne de RR   36.4   49.5   58.2   69.2   77.4   85.5
    Std. Dev. /Écart-type (RR)   34.8   47.4   55.8   66.3   74.2   82.0
        Std. Error/Erreur-type    9.4   12.6   14.8   17.5   19.6   21.6
               Coefficient (A)   22.1   30.1   35.3   42.0   46.9   51.8
         Exponent/Exposant (B) -0.693 -0.695 -0.696 -0.697 -0.697 -0.698
 Mean % Error/% erreur moyenne   10.2   10.8   11.1   11.3   11.4   11.5
