                     Environment and Climate Change Canada
                 Environnement et Changement climatique Canada
                                        
           Short Duration Rainfall Intensity-Duration-Frequency Data
          Données sur l'intensité, la durée et la fréquence des chutes
                            de pluie de courte durée
                                        
                 Gumbel - Method of moments/Méthode des moments
                                        
                                   2022/10/31
                                        
================================================================================
 
 ELORA RCS                                              ON        6142286       
                     
 Latitude:  43 39'N    Longitude: 80 25'W    Elevation/Altitude: 376        m
 
 Years/Années :  1970 - 2021          # Years/Années :     44   
 
================================================================================
 
********************************************************************************
 
Table 1 : Annual Maximum (mm)/Maximum annuel (mm)
 
********************************************************************************
 
          Year  5 min 10 min 15 min 30 min    1 h    2 h    6 h   12 h   24 h
         Année
          1970    9.7   16.5   19.8   29.2   30.7   35.8   35.8   35.8   37.1
          1971    9.1   10.9   14.7   18.3   20.3   33.5   50.5   62.2   79.2
          1972    4.8    9.4    9.9   13.5   20.8   27.2   32.0   36.1   54.1
          1973   14.0   25.4   30.7   36.8   38.1   46.7   49.5   49.5   64.0
          1974    7.4   12.4   15.7   16.5   18.8   22.6   31.0   48.5   51.3
          1975    9.9   11.2   12.7   17.0   25.9   33.0   52.6   58.7   63.5
          1976   11.2   16.0   16.8   18.8   24.6   33.0   47.8   58.4   62.2
          1977   13.0   18.0   20.8   29.0   30.2   30.2   31.7   35.8   42.7
          1978   12.0   13.5   14.1   14.5   15.2   20.8   29.3   32.2   36.1
          1979    8.1   10.7   12.3   12.3   16.2   17.5   20.7   28.0   35.0
          1980    7.2   12.3   15.3   20.8   25.4   28.4   36.2   36.8   38.8
          1981  -99.9  -99.9  -99.9  -99.9   31.1   31.2   32.5   37.5   69.1
          1982   15.0   21.2   25.2   34.3   46.0   82.2   91.7   93.9   94.4
          1983    5.4    6.4    7.5    9.1   12.7   19.8   25.2   32.4   32.4
          1984    7.4    9.5   11.4   15.2   20.0   21.0   21.7   34.0   57.8
          1985    8.9   12.7   15.1   22.7   36.7   42.7   49.0   52.8   60.6
          1986   24.0   26.8   27.0   27.0   29.2   44.6   86.2   89.6   89.6
          1987    9.8   10.8   12.8   13.4   16.2   18.0   41.4   47.4   55.0
          1988    6.0    7.6    7.8  -99.9   18.0   18.3   23.2   23.3   29.0
          1989   10.0   13.6   15.8   19.2   37.0   38.3   52.8   55.2   55.2
          1990   15.3   21.7   22.7   24.4   30.4   32.0   32.0   32.0   37.4
          1991   15.0   19.8   24.6   25.4   26.6   37.4   43.4   43.6   50.8
          1997    4.8    8.4   10.0   12.4   12.8   15.6   17.2   23.4   23.6
          1998    5.0    9.4   11.8   13.8   14.6   15.0   15.2   18.6   26.4
          1999    9.8   15.2   20.2   30.6   37.2   48.2   61.2   68.4   70.0
          2000    9.0   11.8   17.6   23.4   28.4   31.2   39.2   43.8   43.8
          2001    8.4   13.2   18.8   31.2   37.8   44.2   44.4   44.6   64.0
          2002   10.0   14.8   18.6   19.8   20.0   22.8   27.2   28.6   33.6
          2004    8.6   12.0   14.0   21.2   21.6   26.0   30.6   32.6   38.4
          2005    6.8   11.6   14.6   16.2   18.2   28.6   42.4   47.6   48.8
          2006    8.6   13.2   14.8   15.0   15.0   16.4   25.0   30.2   32.2
          2007    8.0   11.0   13.2   22.0   28.4   28.4   28.6   28.6   28.6
          2008   11.8   16.0   19.4   24.8   27.6   30.0   36.0   47.8   52.4
          2009    9.8   11.0   11.0   13.6   14.8   16.2   21.4   24.0   31.2
          2010    6.0   11.4   15.8   20.2   24.6   31.4   43.8   43.8   47.0
          2011    8.8   11.0   16.2   20.8   25.4   32.4   34.6   36.8   46.4
          2012   10.6   11.4   14.4   16.4   17.0   18.8   24.4   33.2   36.6
          2013   11.8   16.2   19.6   26.2   31.6   37.2   41.8   58.4   75.2
          2014    5.8    8.2   10.8   14.8   23.6   33.6   48.6   53.4   53.4
          2015    9.2   14.0   21.0   27.8   29.4   29.4   32.4   33.6   37.2
          2016    9.0   16.2   19.2   23.0   27.2   27.2   33.4   36.6   36.8
          2017    6.6    9.0   10.2   12.0   12.0   17.2   28.2   32.4   38.0
          2018    5.0    7.8    9.6   12.4   17.6   23.0   25.6   25.8   26.2
          2019    6.6   10.8   12.6   15.6   24.8   28.2   29.0   38.0   40.4
          2020    7.8   11.6   13.8   18.2   21.0   25.6   46.0   47.2   75.6
          2021   13.6   14.2   14.4   19.2   25.0   27.0   34.8   44.2   59.2
        ---------------------------------------------------------------------
        # Yrs.     45     45     45     44     46     46     46     46     46
        Années
          Mean    9.4   13.2   15.9   20.2   24.5   29.7   37.5   42.3   49.1
       Moyenne
     Std. Dev.    3.6    4.4    5.1    6.6    7.9   11.7   15.3   15.6   17.2
    Écart-type
         Skew.   1.67   1.28   0.82   0.63   0.50   2.06   1.67   1.42   0.73
   Dissymétrie
      Kurtosis   8.01   4.91   3.81   2.92   2.99  10.71   7.13   5.84   3.14
 
          *-99.9 Indicates Missing Data/Données manquantes
 
 Warning: annual maximum amount greater than 100-yr return period amount
 Avertissement : la quantité maximale annuelle excède la quantité
                 pour une période de retour de 100 ans
          Year/Année      Duration/Durée        Data/Données          100-yr/ans
                1982               2 h                  82.2                66.6
                1982               6 h                  91.7                85.4
                1982              12 h                  93.9                91.3
                1986               5 min                24.0                20.7
                1986               6 h                  86.2                85.4
 
********************************************************************************
 
Table 2a : Return Period Rainfall Amounts (mm)
           Quantité de pluie (mm) par période de retour
 
********************************************************************************
 
 Duration/Durée        2        5       10       25       50      100   #Years
                  yr/ans   yr/ans   yr/ans   yr/ans   yr/ans   yr/ans   Années
          5 min      8.8     12.0     14.1     16.8     18.7     20.7       45
         10 min     12.5     16.4     19.0     22.3     24.7     27.1       45
         15 min     15.0     19.5     22.5     26.2     29.0     31.8       45
         30 min     19.1     24.9     28.7     33.6     37.2     40.7       44
          1 h       23.2     30.2     34.8     40.7     45.1     49.4       46
          2 h       27.8     38.2     45.1     53.7     60.2     66.6       46
          6 h       35.0     48.5     57.5     68.7     77.1     85.4       46
         12 h       39.7     53.5     62.7     74.2     82.8     91.3       46
         24 h       46.3     61.5     71.6     84.3     93.7    103.1       46
 
********************************************************************************
 
Table 2b :
 
 Return Period Rainfall Rates (mm/h) - 95% Confidence limits
 Intensité de la pluie (mm/h) par période de retour - Limites de confiance de 95%
 
********************************************************************************
 
 Duration/Durée        2        5       10       25       50      100   #Years
                  yr/ans   yr/ans   yr/ans   yr/ans   yr/ans   yr/ans   Années
          5 min    106.2    144.2    169.3    201.1    224.7    248.1       45
                +/- 11.5 +/- 19.4 +/- 26.2 +/- 35.4 +/- 42.3 +/- 49.3       45
         10 min     75.1     98.6    114.1    133.7    148.3    162.8       45
                +/-  7.1 +/- 12.0 +/- 16.2 +/- 21.9 +/- 26.2 +/- 30.5       45
         15 min     60.2     78.1     89.9    104.9    116.0    127.1       45
                +/-  5.4 +/-  9.2 +/- 12.4 +/- 16.7 +/- 19.9 +/- 23.2       45
         30 min     38.2     49.8     57.5     67.2     74.4     81.5       44
                +/-  3.6 +/-  6.0 +/-  8.1 +/- 10.9 +/- 13.1 +/- 15.2       44
          1 h       23.2     30.2     34.8     40.7     45.1     49.4       46
                +/-  2.1 +/-  3.6 +/-  4.8 +/-  6.5 +/-  7.7 +/-  9.0       46
          2 h       13.9     19.1     22.5     26.9     30.1     33.3       46
                +/-  1.6 +/-  2.6 +/-  3.5 +/-  4.8 +/-  5.7 +/-  6.7       46
          6 h        5.8      8.1      9.6     11.5     12.8     14.2       46
                +/-  0.7 +/-  1.1 +/-  1.5 +/-  2.1 +/-  2.5 +/-  2.9       46
         12 h        3.3      4.5      5.2      6.2      6.9      7.6       46
                +/-  0.3 +/-  0.6 +/-  0.8 +/-  1.1 +/-  1.3 +/-  1.5       46
         24 h        1.9      2.6      3.0      3.5      3.9      4.3       46
                +/-  0.2 +/-  0.3 +/-  0.4 +/-  0.6 +/-  0.7 +/-  0.8       46
 
********************************************************************************
 
Table 3 : Interpolation Equation / Équation d'interpolation: R = A*T^B
 
R = Interpolated Rainfall rate (mm/h)/Intensité interpolée de la pluie (mm/h)
RR = Rainfall rate (mm/h) / Intensité de la pluie (mm/h)
 T = Rainfall duration (h) / Durée de la pluie (h)
 
********************************************************************************
 
       Statistics/Statistiques      2      5     10     25     50    100
                               yr/ans yr/ans yr/ans yr/ans yr/ans yr/ans
      Mean of RR/Moyenne de RR   36.4   48.3   56.2   66.2   73.6   80.9
    Std. Dev. /Écart-type (RR)   36.8   49.3   57.5   68.0   75.8   83.5
        Std. Error/Erreur-type    8.0    8.9    9.5   10.3   10.9   11.5
               Coefficient (A)   21.0   28.0   32.7   38.5   42.8   47.1
         Exponent/Exposant (B) -0.723 -0.718 -0.716 -0.715 -0.714 -0.713
 Mean % Error/% erreur moyenne    7.7    7.6    7.5    7.4    7.4    7.4
