                     Environment and Climate Change Canada
                 Environnement et Changement climatique Canada
                                        
           Short Duration Rainfall Intensity-Duration-Frequency Data
          Données sur l'intensité, la durée et la fréquence des chutes
                            de pluie de courte durée
                                        
                 Gumbel - Method of moments/Méthode des moments
                                        
                                   2022/10/31
                                        
================================================================================
 
 HAMILTON RBG CS                                        ON        6153301       
                     
 Latitude:  43 17'N    Longitude: 79 55'W    Elevation/Altitude: 102        m
 
 Years/Années :  1962 - 2021          # Years/Années :     58   
 
================================================================================
 
********************************************************************************
 
Table 1 : Annual Maximum (mm)/Maximum annuel (mm)
 
********************************************************************************
 
          Year  5 min 10 min 15 min 30 min    1 h    2 h    6 h   12 h   24 h
         Année
          1962    9.7   16.8   19.8   22.6   25.1   36.6   54.7   61.1   89.3
          1963    9.9   15.5   22.9   30.0   30.7   30.7   31.7   39.1   39.6
          1964    5.6    8.6   10.9   15.5   21.6   36.8   55.4   71.1   71.1
          1965    6.1    9.4   11.4   12.2   16.0   19.8   22.6   31.7   46.0
          1967   10.9   19.6   21.8   24.6   24.9   32.3   45.7   46.5   48.0
          1968    9.4   13.2   15.0   23.6   33.0   37.1   45.0   45.5   59.4
          1969    7.6   10.7   13.0   15.0   16.3   16.3   26.2   34.5   39.6
          1970    7.4   11.2   13.7   18.0   19.0   24.4   27.7   28.4   37.3
          1971    8.1    9.7   11.7   16.0   19.6   27.4   29.0   43.7   43.7
          1972    6.1    7.9    8.4   11.2   17.8   20.6   27.9   35.8   41.4
          1973    6.9    9.4   11.2   13.5   22.4   25.4   39.6   53.6   62.5
          1974   11.9   21.6   30.2   36.3   37.1   37.3   37.3   38.1   38.1
          1975   11.4   13.2   14.0   19.6   29.0   30.2   38.4   42.4   42.4
          1976    4.8    8.4   10.2   19.6   28.2   35.6   51.3   67.6   79.0
          1977    7.6    8.9   13.5   20.8   27.7   27.7   30.2   31.5   58.7
          1978   10.7   12.5   19.0   24.3   26.4   42.6   47.6   54.0   54.6
          1979    4.8    7.1    8.8   12.4   17.2   20.8   23.0   41.1   41.8
          1980   10.7   14.8   19.5   21.0   22.0   24.6   24.7   28.4   31.5
          1981  -99.9  -99.9  -99.9  -99.9   26.6   52.6   65.0   65.0   69.4
          1982   12.5   18.4   21.4   24.6   29.5   51.9   90.9   93.8   93.8
          1983    8.8   10.8   12.4   18.4   20.4   23.0   23.7   39.3   47.8
          1984   11.8   13.0   13.7   18.7   20.8   26.6   34.0   34.0   46.8
          1985    6.5   10.5   14.6   14.6   14.7   27.7   29.2   29.2   37.8
          1986    8.1   10.1   13.3   17.2   21.2   23.2   24.9   27.2   43.8
          1987    7.2    8.7   11.6   19.7   21.4   29.0   35.5   42.2   54.5
          1988   10.3   12.2   12.4   14.7   20.0   28.9   32.4   42.2   51.3
          1989    6.0    7.8    8.7   12.5   16.8   30.0   41.2   42.4   42.4
          1990    5.6    9.8   12.8   15.3   21.8   26.4  -99.9   44.4   48.6
          1991    7.6   13.6   14.4   20.4   26.0   29.5   35.0   35.0   38.6
          1992   14.6   20.4   27.0   33.0   34.9   49.8   68.4   70.0   75.6
          1993    5.8    8.1   12.0   18.0   23.0   31.2   42.9   43.3   45.6
          1994    8.1   12.5   13.6   15.5   19.6   21.4   23.8   26.5   35.4
          1995    5.3    8.9   11.8   20.6   22.2   36.5   82.2  103.0  107.1
          1996   10.4   13.7   14.7   15.1   16.4   21.8   36.0   56.0   66.8
          1997   11.8   15.0   18.2   18.2   18.2   21.4   32.8   44.6   48.0
          1998    7.0   11.2   13.2   14.8   15.8   15.8   16.0   26.0   39.8
          1999    9.2   13.6   15.4   19.6   24.4   29.6   33.8   45.4   53.8
          2000    8.6   13.0   16.2   18.2   24.0   24.0   35.6   38.4   44.8
          2001    6.2   12.2   14.8   16.2   19.4   21.4   21.4   29.2   38.6
          2002    5.6    7.0    8.6    9.0   11.0   16.0   23.6   33.8   34.0
          2003   13.0   17.0   18.6   21.0   24.0   26.6   34.8   38.6   40.8
          2004    5.6    8.2   10.2   12.8   15.0   25.8   30.6   30.6   37.0
          2005    7.6   13.0   14.8   20.8   25.4   35.8   40.6   41.6   54.0
          2006   10.8   12.0   13.8   20.8   28.0   34.6   53.6   71.8   76.4
          2007    8.0   12.6   14.0   14.4   18.2   19.6   24.6   29.2   40.2
          2008   10.6   14.6   15.8   16.8   17.4   19.2   24.0   29.8   40.8
          2009   12.6   18.4   20.6   31.0   36.2   36.6   38.0   38.2   50.0
          2010   13.2   19.2   20.4   22.0   28.9   34.5   54.6   55.5   77.3
          2011    9.4   13.6   16.4   25.8   25.8   27.2   55.2   86.2   94.8
          2012    5.4    7.8   10.6   12.6   12.6   17.8   28.8   39.8   45.0
          2013    7.8   11.4   15.8   23.4   28.4   31.8   47.0   57.0   57.0
          2014    7.8    9.8   13.0   19.8   29.4   34.2   37.0   40.4   53.2
          2015    7.0   11.2   12.8   13.8   13.8   15.8   23.8   36.0   51.0
          2016    6.2   10.0   12.2   17.4   29.6   35.6   42.8   42.8   57.0
          2017    5.6    9.8   12.6   15.4   17.6   25.4   38.4   58.6   62.4
          2018    8.8    9.4   10.6   12.0   13.8   25.2   34.4   34.8   50.8
          2019   13.4   16.2   17.2   24.0   24.4   24.4   43.6   54.4   54.8
          2020   12.8   22.0   27.0   38.8   39.6   39.6   43.0   43.0   50.8
          2021    9.4   17.4   23.8   32.0   32.0   32.0   32.0   38.6   47.2
        ---------------------------------------------------------------------
        # Yrs.     58     58     58     58     59     59     58     59     59
        Années
          Mean    8.6   12.5   15.1   19.4   23.1   28.9   38.2   45.3   53.0
       Moyenne
     Std. Dev.    2.6    3.8    4.8    6.3    6.5    8.4   14.5   16.4   16.4
    Écart-type
         Skew.   0.42   0.78   1.20   1.14   0.44   0.80   1.50   1.57   1.42
   Dissymétrie
      Kurtosis   2.29   3.02   4.41   4.45   2.86   3.91   6.03   5.73   4.83
 
          *-99.9 Indicates Missing Data/Données manquantes
 
 Warning: annual maximum amount greater than 100-yr return period amount
 Avertissement : la quantité maximale annuelle excède la quantité
                 pour une période de retour de 100 ans
          Year/Année      Duration/Durée        Data/Données          100-yr/ans
                1974              15 min                30.2                30.0
                1982               6 h                  90.9                83.8
                1995              12 h                 103.0                96.9
                1995              24 h                 107.1               104.5
 
********************************************************************************
 
Table 2a : Return Period Rainfall Amounts (mm)
           Quantité de pluie (mm) par période de retour
 
********************************************************************************
 
 Duration/Durée        2        5       10       25       50      100   #Years
                  yr/ans   yr/ans   yr/ans   yr/ans   yr/ans   yr/ans   Années
          5 min      8.2     10.5     12.0     13.9     15.3     16.7       58
         10 min     11.8     15.2     17.4     20.3     22.4     24.4       58
         15 min     14.3     18.5     21.3     24.8     27.5     30.0       58
         30 min     18.4     23.9     27.6     32.2     35.6     39.0       58
          1 h       22.0     27.7     31.5     36.3     39.9     43.4       59
          2 h       27.5     35.0     39.9     46.1     50.7     55.3       59
          6 h       35.8     48.6     57.1     67.9     75.9     83.8       58
         12 h       42.6     57.1     66.7     78.9     87.9     96.9       59
         24 h       50.3     64.8     74.5     86.6     95.6    104.5       59
 
********************************************************************************
 
Table 2b :
 
 Return Period Rainfall Rates (mm/h) - 95% Confidence limits
 Intensité de la pluie (mm/h) par période de retour - Limites de confiance de 95%
 
********************************************************************************
 
 Duration/Durée        2        5       10       25       50      100   #Years
                  yr/ans   yr/ans   yr/ans   yr/ans   yr/ans   yr/ans   Années
          5 min     98.7    126.0    144.1    166.9    183.9    200.7       58
                +/-  7.3 +/- 12.3 +/- 16.6 +/- 22.4 +/- 26.8 +/- 31.2       58
         10 min     71.0     91.2    104.6    121.6    134.1    146.6       58
                +/-  5.4 +/-  9.1 +/- 12.3 +/- 16.6 +/- 19.9 +/- 23.1       58
         15 min     57.3     74.1     85.3     99.4    109.8    120.2       58
                +/-  4.5 +/-  7.6 +/- 10.2 +/- 13.8 +/- 16.5 +/- 19.2       58
         30 min     36.7     47.8     55.1     64.4     71.2     78.0       58
                +/-  3.0 +/-  5.0 +/-  6.7 +/-  9.1 +/- 10.8 +/- 12.6       58
          1 h       22.0     27.7     31.5     36.3     39.9     43.4       59
                +/-  1.5 +/-  2.6 +/-  3.4 +/-  4.6 +/-  5.6 +/-  6.5       59
          2 h       13.8     17.5     19.9     23.1     25.4     27.7       59
                +/-  1.0 +/-  1.7 +/-  2.2 +/-  3.0 +/-  3.6 +/-  4.2       59
          6 h        6.0      8.1      9.5     11.3     12.6     14.0       58
                +/-  0.6 +/-  1.0 +/-  1.3 +/-  1.8 +/-  2.1 +/-  2.4       58
         12 h        3.5      4.8      5.6      6.6      7.3      8.1       59
                +/-  0.3 +/-  0.5 +/-  0.7 +/-  1.0 +/-  1.2 +/-  1.4       59
         24 h        2.1      2.7      3.1      3.6      4.0      4.4       59
                +/-  0.2 +/-  0.3 +/-  0.4 +/-  0.5 +/-  0.6 +/-  0.7       59
 
********************************************************************************
 
Table 3 : Interpolation Equation / Équation d'interpolation: R = A*T^B
 
R = Interpolated Rainfall rate (mm/h)/Intensité interpolée de la pluie (mm/h)
RR = Rainfall rate (mm/h) / Intensité de la pluie (mm/h)
 T = Rainfall duration (h) / Durée de la pluie (h)
 
********************************************************************************
 
       Statistics/Statistiques      2      5     10     25     50    100
                               yr/ans yr/ans yr/ans yr/ans yr/ans yr/ans
      Mean of RR/Moyenne de RR   34.6   44.4   51.0   59.2   65.4   71.4
    Std. Dev. /Écart-type (RR)   34.3   43.8   50.2   58.2   64.2   70.1
        Std. Error/Erreur-type    6.9    8.8   10.1   11.7   13.0   14.2
               Coefficient (A)   20.7   26.8   30.8   35.9   39.7   43.4
         Exponent/Exposant (B) -0.695 -0.689 -0.686 -0.684 -0.683 -0.681
 Mean % Error/% erreur moyenne    6.5    6.6    6.6    6.6    6.7    6.9
